0.25,(66, 712)
0.25,(126, 382)
0.25,(272, 166)
0.25,(696, 272)
0.25,(24, 374)
0.25,(60, 224)
0.25,(92, 790)
0.25,(96, 50)
0.25,(98, 256)
0.25,(108, 322)
0.25,(186, 282)
0.25,(194, 630)
0.25,(220, 80)
0.25,(226, 590)
0.25,(248, 562)
0.25,(254, 392)
0.25,(368, 716)
0.25,(398, 82)
0.25,(402, 616)
0.25,(416, 62)
0.25,(444, 718)
0.25,(472, 530)
0.25,(480, 794)
0.25,(510, 198)
0.25,(540, 262)
0.25,(572, 250)
0.25,(576, 218)
0.25,(636, 742)
0.25,(648, 214)
0.25,(698, 722)
0.25,(704, 272)
0.25,(732, 652)
0.5,(28, 688)
0.5,(206, 700)
0.5,(460, 626)
0.5,(72, 16)
0.5,(138, 768)
0.5,(148, 248)
0.5,(208, 498)
0.5,(210, 268)
0.5,(218, 530)
0.5,(370, 290)
0.5,(414, 502)
0.5,(476, 72)
0.5,(608, 304)
0.5,(680, 758)
0.5,(694, 14)
0.5,(754, 292)
0.5,(774, 620)
0.5,(488, 80)
0.25,(0, 492)
0.25,(0, 700)
0.25,(4, 156)
0.25,(8, 72)
0.25,(8, 374)
0.25,(14, 342)
0.25,(18, 360)
0.25,(18, 516)
0.25,(20, 668)
0.25,(24, 748)
0.25,(26, 32)
0.25,(26, 238)
0.25,(28, 96)
0.25,(36, 82)
0.25,(38, 318)
0.25,(38, 344)
0.25,(38, 774)
0.25,(42, 428)
0.25,(42, 740)
0.25,(58, 108)
0.25,(60, 718)
0.25,(64, 342)
0.25,(76, 226)
0.25,(76, 378)
0.25,(82, 392)
0.25,(88, 58)
0.25,(92, 544)
0.25,(96, 36)
0.25,(100, 788)
0.25,(104, 88)
0.25,(104, 468)
0.25,(114, 790)
0.25,(122, 452)
0.25,(126, 264)
0.25,(128, 482)
0.25,(130, 80)
0.25,(138, 326)
0.25,(138, 696)
0.25,(142, 54)
0.25,(142, 554)
0.25,(150, 22)
0.25,(150, 132)
0.25,(152, 582)
0.25,(156, 734)
0.25,(158, 172)
0.25,(160, 394)
0.25,(164, 506)
0.25,(164, 788)
0.25,(166, 184)
0.25,(166, 640)
0.25,(172, 202)
0.25,(174, 230)
0.25,(174, 372)
0.25,(186, 440)
0.25,(194, 356)
0.25,(196, 602)
0.25,(200, 218)
0.25,(200, 248)
0.25,(200, 290)
0.25,(202, 448)
0.25,(210, 42)
0.25,(212, 554)
0.25,(214, 26)
0.25,(216, 100)
0.25,(218, 294)
0.25,(228, 318)
0.25,(232, 482)
0.25,(234, 678)
0.25,(234, 794)
0.25,(236, 374)
0.25,(246, 774)
0.25,(248, 280)
0.25,(254, 6)
0.25,(254, 796)
0.25,(258, 242)
0.25,(262, 190)
0.25,(262, 596)
0.25,(270, 316)
0.25,(270, 426)
0.25,(276, 692)
0.25,(284, 496)
0.25,(288, 548)
0.25,(290, 510)
0.25,(292, 480)
0.25,(298, 668)
0.25,(302, 38)
0.25,(310, 756)
0.25,(316, 432)
0.25,(318, 322)
0.25,(318, 506)
0.25,(320, 230)
0.25,(324, 296)
0.25,(324, 454)
0.25,(326, 34)
0.25,(328, 92)
0.25,(328, 406)
0.25,(328, 746)
0.25,(332, 282)
0.25,(332, 610)
0.25,(334, 464)
0.25,(336, 218)
0.25,(336, 386)
0.25,(344, 18)
0.25,(346, 604)
0.25,(348, 348)
0.25,(352, 402)
0.25,(356, 84)
0.25,(356, 176)
0.25,(356, 638)
0.25,(356, 768)
0.25,(360, 512)
0.25,(366, 128)
0.25,(368, 146)
0.25,(372, 40)
0.25,(372, 368)
0.25,(374, 736)
0.25,(380, 340)
0.25,(382, 274)
0.25,(388, 84)
0.25,(390, 442)
0.25,(390, 724)
0.25,(392, 124)
0.25,(392, 284)
0.25,(392, 670)
0.25,(392, 764)
0.25,(396, 382)
0.25,(396, 570)
0.25,(398, 272)
0.25,(400, 514)
0.25,(406, 136)
0.25,(406, 542)
0.25,(410, 220)
0.25,(414, 102)
0.25,(414, 780)
0.25,(416, 700)
0.25,(422, 458)
0.25,(424, 212)
0.25,(424, 554)
0.25,(424, 688)
0.25,(424, 762)
0.25,(428, 418)
0.25,(430, 488)
0.25,(434, 62)
0.25,(436, 588)
0.25,(440, 758)
0.25,(442, 274)
0.25,(446, 632)
0.25,(462, 472)
0.25,(466, 120)
0.25,(466, 236)
0.25,(468, 194)
0.25,(470, 542)
0.25,(474, 474)
0.25,(474, 722)
0.25,(476, 4)
0.25,(476, 132)
0.25,(476, 646)
0.25,(478, 456)
0.25,(482, 614)
0.25,(486, 560)
0.25,(492, 568)
0.25,(498, 776)
0.25,(500, 760)
0.25,(502, 598)
0.25,(504, 524)
0.25,(514, 654)
0.25,(516, 350)
0.25,(516, 782)
0.25,(518, 540)
0.25,(528, 750)
0.25,(530, 588)
0.25,(530, 638)
0.25,(530, 788)
0.25,(534, 152)
0.25,(536, 134)
0.25,(542, 328)
0.25,(544, 232)
0.25,(546, 18)
0.25,(552, 24)
0.25,(558, 52)
0.25,(560, 754)
0.25,(564, 68)
0.25,(584, 252)
0.25,(584, 638)
0.25,(590, 134)
0.25,(590, 626)
0.25,(590, 682)
0.25,(596, 162)
0.25,(596, 512)
0.25,(598, 794)
0.25,(600, 36)
0.25,(604, 370)
0.25,(604, 602)
0.25,(608, 54)
0.25,(608, 162)
0.25,(608, 172)
0.25,(608, 248)
0.25,(618, 124)
0.25,(618, 224)
0.25,(618, 284)
0.25,(618, 720)
0.25,(620, 82)
0.25,(624, 736)
0.25,(626, 46)
0.25,(636, 18)
0.25,(642, 594)
0.25,(646, 234)
0.25,(646, 320)
0.25,(650, 786)
0.25,(650, 796)
0.25,(660, 436)
0.25,(660, 782)
0.25,(666, 470)
0.25,(666, 664)
0.25,(670, 592)
0.25,(678, 564)
0.25,(678, 624)
0.25,(680, 418)
0.25,(682, 20)
0.25,(684, 742)
0.25,(686, 466)
0.25,(690, 72)
0.25,(692, 46)
0.25,(692, 598)
0.25,(694, 140)
0.25,(696, 254)
0.25,(698, 368)
0.25,(698, 516)
0.25,(700, 586)
0.25,(702, 228)
0.25,(710, 286)
0.25,(712, 168)
0.25,(716, 490)
0.25,(716, 758)
0.25,(728, 612)
0.25,(730, 268)
0.25,(730, 368)
0.25,(732, 350)
0.25,(732, 566)
0.25,(734, 70)
0.25,(734, 218)
0.25,(740, 176)
0.25,(740, 658)
0.25,(748, 584)
0.25,(750, 628)
0.25,(752, 426)
0.25,(752, 618)
0.25,(760, 170)
0.25,(760, 206)
0.25,(760, 380)
0.25,(760, 792)
0.25,(762, 64)
0.25,(768, 144)
0.25,(768, 462)
0.25,(772, 512)
0.25,(772, 574)
0.25,(776, 648)
0.25,(776, 678)
0.25,(776, 700)
0.25,(780, 228)
0.25,(784, 176)
0.25,(784, 730)
0.25,(786, 750)
0.25,(788, 550)
0.25,(790, 310)
0.25,(790, 514)
0.25,(792, 470)
0.5,(28, 328)
0.5,(70, 460)
0.5,(180, 536)
0.5,(282, 244)
0.5,(402, 594)
0.5,(406, 394)
0.5,(464, 746)
0.5,(492, 658)
0.5,(532, 444)
0.5,(654, 66)
0.5,(690, 704)
0.5,(776, 404)
0.5,(306, 674)
0.5,(16, 246)
0.5,(24, 206)
0.5,(32, 290)
0.5,(38, 36)
0.5,(40, 510)
0.5,(56, 702)
0.5,(58, 536)
0.5,(64, 304)
0.5,(68, 256)
0.5,(74, 608)
0.5,(90, 134)
0.5,(96, 110)
0.5,(100, 488)
0.5,(114, 340)
0.5,(116, 614)
0.5,(124, 570)
0.5,(126, 150)
0.5,(126, 428)
0.5,(140, 342)
0.5,(140, 640)
0.5,(150, 666)
0.5,(154, 770)
0.5,(160, 6)
0.5,(168, 730)
0.5,(184, 324)
0.5,(184, 690)
0.5,(186, 592)
0.5,(206, 776)
0.5,(224, 544)
0.5,(272, 494)
0.5,(296, 208)
0.5,(300, 242)
0.5,(304, 130)
0.5,(314, 24)
0.5,(336, 80)
0.5,(336, 154)
0.5,(358, 452)
0.5,(362, 258)
0.5,(372, 470)
0.5,(376, 88)
0.5,(380, 230)
0.5,(416, 408)
0.5,(416, 468)
0.5,(416, 720)
0.5,(418, 264)
0.5,(442, 296)
0.5,(452, 354)
0.5,(466, 280)
0.5,(484, 758)
0.5,(498, 384)
0.5,(506, 140)
0.5,(508, 664)
0.5,(522, 96)
0.5,(552, 134)
0.5,(554, 356)
0.5,(556, 212)
0.5,(582, 736)
0.5,(588, 606)
0.5,(592, 388)
0.5,(602, 424)
0.5,(602, 672)
0.5,(608, 98)
0.5,(608, 688)
0.5,(638, 442)
0.5,(650, 352)
0.5,(652, 278)
0.5,(652, 546)
0.5,(654, 428)
0.5,(656, 486)
0.5,(666, 222)
0.5,(676, 580)
0.5,(682, 110)
0.5,(712, 44)
0.5,(712, 340)
0.5,(712, 556)
0.5,(720, 746)
0.5,(720, 794)
0.5,(728, 476)
0.5,(732, 440)
0.5,(740, 278)
0.5,(744, 86)
0.5,(744, 350)
0.5,(752, 330)
0.5,(772, 112)
0.5,(772, 552)
0.5,(776, 310)
0.5,(342, 74)
0.25,(784, 734)
0.25,(780, 696)
0.5,(710, 296)
0.25,(702, 590)
0.5,(710, 368)
0.5,(682, 44)
0.5,(686, 622)
0.25,(648, 236)
0.25,(624, 122)
0.25,(610, 242)
0.25,(610, 372)
0.25,(600, 516)
0.5,(560, 16)
0.25,(548, 236)
0.5,(538, 224)
0.25,(506, 518)
0.5,(466, 228)
0.25,(430, 412)
0.25,(426, 756)
0.25,(426, 558)
0.5,(364, 48)
0.5,(354, 186)
0.5,(340, 284)
0.5,(320, 236)
0.25,(294, 504)
0.5,(232, 380)
0.25,(212, 560)
0.25,(200, 292)
0.5,(180, 432)
0.25,(176, 224)
0.5,(158, 498)
0.5,(144, 48)
0.5,(142, 318)
0.5,(42, 750)
0.25,(22, 362)
0.25,(6, 158)
0.25,(2, 694)
0.5,(788, 622)
0.5,(140, 238)
0.5,(142, 754)
0.25,(214, 692)
0.25,(702, 726)
0.25,(642, 740)
0.5,(264, 388)
0.5,(88, 782)
0.25,(60, 230)
0.5,(270, 166)
0.25,(0, 136)
0.25,(0, 480)
0.25,(2, 56)
0.25,(2, 182)
0.25,(4, 310)
0.25,(4, 360)
0.25,(4, 558)
0.25,(4, 658)
0.25,(6, 472)
0.25,(6, 582)
0.25,(6, 614)
0.25,(8, 110)
0.25,(10, 0)
0.25,(10, 732)
0.25,(12, 492)
0.25,(14, 214)
0.25,(14, 552)
0.25,(14, 686)
0.25,(14, 790)
0.25,(16, 100)
0.25,(16, 402)
0.25,(16, 772)
0.25,(18, 78)
0.25,(18, 182)
0.25,(20, 132)
0.25,(22, 392)
0.25,(22, 458)
0.25,(24, 88)
0.25,(24, 188)
0.25,(24, 608)
0.25,(26, 156)
0.25,(26, 700)
0.25,(26, 720)
0.25,(28, 794)
0.25,(30, 436)
0.25,(30, 624)
0.25,(32, 636)
0.25,(34, 96)
0.25,(36, 232)
0.25,(36, 272)
0.25,(36, 670)
0.25,(38, 602)
0.25,(40, 794)
0.25,(42, 306)
0.25,(42, 664)
0.25,(44, 582)
0.25,(44, 788)
0.25,(46, 358)
0.25,(46, 772)
0.25,(48, 186)
0.25,(48, 628)
0.25,(48, 676)
0.25,(50, 22)
0.25,(50, 616)
0.25,(52, 100)
0.25,(54, 158)
0.25,(54, 326)
0.25,(54, 394)
0.25,(54, 476)
0.25,(54, 640)
0.25,(58, 426)
0.25,(58, 500)
0.25,(60, 372)
0.25,(60, 386)
0.25,(60, 522)
0.25,(60, 580)
0.25,(62, 630)
0.25,(62, 678)
0.25,(62, 726)
0.25,(68, 476)
0.25,(70, 192)
0.25,(70, 200)
0.25,(70, 430)
0.25,(72, 552)
0.25,(72, 786)
0.25,(74, 180)
0.25,(74, 280)
0.25,(74, 450)
0.25,(74, 532)
0.25,(78, 98)
0.25,(78, 130)
0.25,(78, 590)
0.25,(78, 652)
0.25,(80, 52)
0.25,(80, 64)
0.25,(80, 428)
0.25,(80, 580)
0.25,(80, 634)
0.25,(82, 168)
0.25,(82, 294)
0.25,(84, 196)
0.25,(84, 354)
0.25,(86, 718)
0.25,(88, 526)
0.25,(88, 554)
0.25,(88, 612)
0.25,(90, 260)
0.25,(90, 656)
0.25,(92, 666)
0.25,(94, 282)
0.25,(94, 520)
0.25,(96, 12)
0.25,(96, 72)
0.25,(96, 370)
0.25,(96, 536)
0.25,(100, 582)
0.25,(102, 358)
0.25,(102, 434)
0.25,(102, 524)
0.25,(104, 202)
0.25,(104, 276)
0.25,(104, 700)
0.25,(106, 134)
0.25,(110, 744)
0.25,(112, 266)
0.25,(112, 572)
0.25,(112, 676)
0.25,(114, 168)
0.25,(116, 200)
0.25,(116, 598)
0.25,(116, 706)
0.25,(118, 128)
0.25,(118, 536)
0.25,(120, 14)
0.25,(120, 34)
0.25,(124, 612)
0.25,(126, 516)
0.25,(126, 528)
0.25,(128, 300)
0.25,(128, 444)
0.25,(130, 362)
0.25,(130, 728)
0.25,(132, 628)
0.25,(134, 568)
0.25,(134, 676)
0.25,(136, 22)
0.25,(136, 42)
0.25,(138, 200)
0.25,(138, 364)
0.25,(140, 68)
0.25,(140, 262)
0.25,(140, 438)
0.25,(140, 796)
0.25,(142, 12)
0.25,(142, 506)
0.25,(142, 732)
0.25,(144, 174)
0.25,(144, 586)
0.25,(146, 156)
0.25,(148, 272)
0.25,(148, 386)
0.25,(150, 80)
0.25,(150, 552)
0.25,(152, 676)
0.25,(154, 290)
0.25,(154, 452)
0.25,(156, 232)
0.25,(160, 544)
0.25,(160, 588)
0.25,(162, 20)
0.25,(162, 106)
0.25,(162, 422)
0.25,(162, 780)
0.25,(164, 572)
0.25,(166, 348)
0.25,(166, 600)
0.25,(170, 138)
0.25,(170, 634)
0.25,(170, 710)
0.25,(172, 310)
0.25,(172, 670)
0.25,(172, 794)
0.25,(178, 168)
0.25,(178, 396)
0.25,(178, 614)
0.25,(178, 778)
0.25,(180, 86)
0.25,(180, 466)
0.25,(180, 562)
0.25,(180, 674)
0.25,(182, 746)
0.25,(184, 294)
0.25,(184, 458)
0.25,(186, 10)
0.25,(186, 52)
0.25,(188, 74)
0.25,(188, 340)
0.25,(188, 394)
0.25,(190, 66)
0.25,(190, 192)
0.25,(190, 446)
0.25,(190, 756)
0.25,(190, 764)
0.25,(192, 668)
0.25,(194, 272)
0.25,(198, 712)
0.25,(200, 154)
0.25,(200, 458)
0.25,(200, 574)
0.25,(202, 10)
0.25,(202, 38)
0.25,(202, 144)
0.25,(202, 392)
0.25,(202, 432)
0.25,(202, 592)
0.25,(204, 230)
0.25,(204, 468)
0.25,(204, 748)
0.25,(206, 92)
0.25,(208, 4)
0.25,(208, 406)
0.25,(208, 520)
0.25,(210, 334)
0.25,(212, 122)
0.25,(212, 370)
0.25,(214, 596)
0.25,(214, 626)
0.25,(216, 340)
0.25,(216, 506)
0.25,(220, 352)
0.25,(222, 194)
0.25,(222, 222)
0.25,(224, 122)
0.25,(226, 168)
0.25,(226, 288)
0.25,(226, 426)
0.25,(226, 794)
0.25,(228, 184)
0.25,(228, 280)
0.25,(230, 648)
0.25,(230, 702)
0.25,(230, 774)
0.25,(232, 52)
0.25,(232, 710)
0.25,(234, 136)
0.25,(234, 144)
0.25,(234, 324)
0.25,(236, 236)
0.25,(236, 782)
0.25,(238, 96)
0.25,(238, 118)
0.25,(238, 352)
0.25,(238, 386)
0.25,(240, 362)
0.25,(240, 464)
0.25,(240, 634)
0.25,(242, 728)
0.25,(244, 212)
0.25,(244, 500)
0.25,(244, 652)
0.25,(246, 200)
0.25,(246, 680)
0.25,(250, 612)
0.25,(252, 406)
0.25,(252, 676)
0.25,(252, 696)
0.25,(254, 34)
0.25,(254, 342)
0.25,(254, 352)
0.25,(254, 508)
0.25,(258, 26)
0.25,(258, 332)
0.25,(260, 548)
0.25,(262, 132)
0.25,(264, 410)
0.25,(264, 520)
0.25,(266, 46)
0.25,(266, 742)
0.25,(270, 272)
0.25,(270, 648)
0.25,(272, 26)
0.25,(274, 40)
0.25,(276, 94)
0.25,(276, 118)
0.25,(276, 288)
0.25,(276, 618)
0.25,(278, 482)
0.25,(280, 184)
0.25,(282, 392)
0.25,(282, 666)
0.25,(282, 678)
0.25,(284, 340)
0.25,(284, 744)
0.25,(286, 538)
0.25,(288, 358)
0.25,(288, 556)
0.25,(288, 576)
0.25,(290, 220)
0.25,(290, 618)
0.25,(292, 314)
0.25,(292, 608)
0.25,(292, 750)
0.25,(294, 178)
0.25,(294, 438)
0.25,(294, 520)
0.25,(294, 794)
0.25,(296, 90)
0.25,(296, 406)
0.25,(296, 636)
0.25,(298, 56)
0.25,(300, 628)
0.25,(302, 64)
0.25,(306, 280)
0.25,(306, 346)
0.25,(306, 570)
0.25,(306, 772)
0.25,(308, 696)
0.25,(310, 414)
0.25,(310, 716)
0.25,(312, 178)
0.25,(312, 210)
0.25,(312, 516)
0.25,(314, 564)
0.25,(316, 84)
0.25,(316, 152)
0.25,(316, 418)
0.25,(316, 452)
0.25,(316, 668)
0.25,(318, 578)
0.25,(320, 726)
0.25,(322, 100)
0.25,(322, 708)
0.25,(324, 10)
0.25,(324, 662)
0.25,(326, 48)
0.25,(326, 390)
0.25,(326, 434)
0.25,(330, 108)
0.25,(330, 342)
0.25,(330, 536)
0.25,(330, 552)
0.25,(332, 122)
0.25,(332, 360)
0.25,(332, 772)
0.25,(332, 784)
0.25,(334, 40)
0.25,(336, 438)
0.25,(338, 236)
0.25,(338, 522)
0.25,(338, 622)
0.25,(340, 36)
0.25,(340, 98)
0.25,(340, 464)
0.25,(340, 586)
0.25,(342, 416)
0.25,(342, 448)
0.25,(342, 638)
0.25,(342, 738)
0.25,(344, 536)
0.25,(344, 796)
0.25,(346, 244)
0.25,(346, 312)
0.25,(346, 776)
0.25,(348, 210)
0.25,(348, 516)
0.25,(348, 746)
0.25,(350, 124)
0.25,(350, 378)
0.25,(350, 410)
0.25,(352, 230)
0.25,(354, 680)
0.25,(356, 14)
0.25,(360, 198)
0.25,(360, 356)
0.25,(360, 590)
0.25,(362, 272)
0.25,(364, 686)
0.25,(366, 350)
0.25,(366, 624)
0.25,(370, 210)
0.25,(370, 760)
0.25,(370, 796)
0.25,(372, 420)
0.25,(372, 434)
0.25,(374, 528)
0.25,(376, 538)
0.25,(378, 154)
0.25,(378, 262)
0.25,(378, 360)
0.25,(378, 402)
0.25,(378, 508)
0.25,(378, 794)
0.25,(382, 60)
0.25,(382, 102)
0.25,(382, 670)
0.25,(382, 770)
0.25,(382, 782)
0.25,(384, 208)
0.25,(384, 308)
0.25,(384, 326)
0.25,(384, 460)
0.25,(386, 50)
0.25,(386, 242)
0.25,(386, 370)
0.25,(388, 336)
0.25,(390, 292)
0.25,(392, 6)
0.25,(392, 200)
0.25,(394, 96)
0.25,(394, 498)
0.25,(394, 550)
0.25,(396, 318)
0.25,(396, 754)
0.25,(398, 410)
0.25,(398, 734)
0.25,(400, 666)
0.25,(404, 308)
0.25,(408, 118)
0.25,(408, 360)
0.25,(408, 528)
0.25,(410, 762)
0.25,(412, 344)
0.25,(412, 580)
0.25,(414, 666)
0.25,(416, 292)
0.25,(416, 736)
0.25,(418, 574)
0.25,(418, 678)
0.25,(418, 798)
0.25,(420, 120)
0.25,(420, 308)
0.25,(422, 350)
0.25,(422, 592)
0.25,(422, 646)
0.25,(424, 610)
0.25,(428, 218)
0.25,(428, 322)
0.25,(428, 374)
0.25,(428, 434)
0.25,(430, 40)
0.25,(430, 266)
0.25,(430, 352)
0.25,(434, 528)
0.25,(436, 54)
0.25,(436, 72)
0.25,(436, 88)
0.25,(436, 106)
0.25,(436, 516)
0.25,(436, 570)
0.25,(436, 668)
0.25,(438, 334)
0.25,(438, 392)
0.25,(442, 190)
0.25,(444, 658)
0.25,(446, 598)
0.25,(448, 14)
0.25,(450, 138)
0.25,(450, 422)
0.25,(450, 442)
0.25,(452, 104)
0.25,(452, 166)
0.25,(452, 464)
0.25,(452, 526)
0.25,(452, 546)
0.25,(452, 608)
0.25,(456, 268)
0.25,(458, 148)
0.25,(458, 640)
0.25,(458, 660)
0.25,(458, 706)
0.25,(460, 332)
0.25,(460, 730)
0.25,(462, 512)
0.25,(462, 796)
0.25,(464, 324)
0.25,(464, 688)
0.25,(464, 766)
0.25,(466, 176)
0.25,(466, 372)
0.25,(466, 714)
0.25,(470, 82)
0.25,(470, 356)
0.25,(470, 510)
0.25,(472, 678)
0.25,(474, 550)
0.25,(478, 432)
0.25,(478, 572)
0.25,(480, 424)
0.25,(480, 704)
0.25,(482, 328)
0.25,(482, 686)
0.25,(482, 778)
0.25,(484, 646)
0.25,(488, 548)
0.25,(490, 46)
0.25,(490, 344)
0.25,(490, 542)
0.25,(490, 696)
0.25,(492, 28)
0.25,(492, 52)
0.25,(492, 114)
0.25,(492, 144)
0.25,(492, 358)
0.25,(492, 450)
0.25,(492, 614)
0.25,(494, 102)
0.25,(494, 704)
0.25,(494, 752)
0.25,(496, 792)
0.25,(498, 402)
0.25,(498, 648)
0.25,(500, 236)
0.25,(502, 772)
0.25,(504, 210)
0.25,(504, 260)
0.25,(508, 592)
0.25,(510, 310)
0.25,(510, 432)
0.25,(510, 508)
0.25,(510, 636)
0.25,(512, 80)
0.25,(512, 240)
0.25,(512, 732)
0.25,(514, 382)
0.25,(516, 314)
0.25,(516, 418)
0.25,(516, 438)
0.25,(516, 578)
0.25,(516, 756)
0.25,(522, 208)
0.25,(524, 64)
0.25,(524, 110)
0.25,(524, 336)
0.25,(528, 14)
0.25,(528, 258)
0.25,(530, 60)
0.25,(532, 86)
0.25,(532, 326)
0.25,(532, 396)
0.25,(532, 498)
0.25,(534, 100)
0.25,(534, 186)
0.25,(534, 378)
0.25,(534, 604)
0.25,(536, 316)
0.25,(536, 764)
0.25,(538, 182)
0.25,(538, 350)
0.25,(540, 150)
0.25,(540, 466)
0.25,(542, 274)
0.25,(542, 296)
0.25,(542, 792)
0.25,(544, 486)
0.25,(546, 102)
0.25,(546, 200)
0.25,(546, 772)
0.25,(548, 422)
0.25,(548, 458)
0.25,(550, 342)
0.25,(554, 302)
0.25,(556, 448)
0.25,(558, 586)
0.25,(558, 654)
0.25,(560, 732)
0.25,(562, 242)
0.25,(562, 366)
0.25,(562, 464)
0.25,(564, 428)
0.25,(564, 554)
0.25,(566, 130)
0.25,(566, 294)
0.25,(566, 526)
0.25,(568, 502)
0.25,(570, 322)
0.25,(574, 210)
0.25,(574, 712)
0.25,(576, 748)
0.25,(578, 270)
0.25,(580, 94)
0.25,(580, 382)
0.25,(580, 482)
0.25,(582, 576)
0.25,(584, 28)
0.25,(584, 74)
0.25,(584, 354)
0.25,(586, 178)
0.25,(590, 28)
0.25,(590, 340)
0.25,(590, 456)
0.25,(590, 668)
0.25,(590, 750)
0.25,(592, 368)
0.25,(594, 52)
0.25,(594, 716)
0.25,(596, 608)
0.25,(596, 780)
0.25,(598, 4)
0.25,(598, 260)
0.25,(598, 272)
0.25,(598, 304)
0.25,(598, 400)
0.25,(600, 188)
0.25,(600, 330)
0.25,(600, 564)
0.25,(602, 352)
0.25,(604, 508)
0.25,(604, 710)
0.25,(606, 632)
0.25,(610, 116)
0.25,(610, 564)
0.25,(610, 732)
0.25,(612, 656)
0.25,(614, 346)
0.25,(614, 610)
0.25,(614, 778)
0.25,(616, 28)
0.25,(616, 594)
0.25,(618, 54)
0.25,(618, 700)
0.25,(620, 566)
0.25,(622, 218)
0.25,(622, 386)
0.25,(622, 648)
0.25,(624, 8)
0.25,(624, 436)
0.25,(626, 78)
0.25,(626, 366)
0.25,(626, 492)
0.25,(628, 282)
0.25,(628, 534)
0.25,(630, 240)
0.25,(630, 780)
0.25,(632, 694)
0.25,(634, 190)
0.25,(634, 338)
0.25,(634, 414)
0.25,(636, 258)
0.25,(636, 312)
0.25,(636, 658)
0.25,(638, 114)
0.25,(638, 392)
0.25,(640, 60)
0.25,(640, 500)
0.25,(640, 620)
0.25,(642, 142)
0.25,(642, 680)
0.25,(646, 506)
0.25,(648, 444)
0.25,(650, 302)
0.25,(650, 570)
0.25,(650, 652)
0.25,(652, 376)
0.25,(658, 462)
0.25,(658, 576)
0.25,(658, 764)
0.25,(660, 80)
0.25,(660, 160)
0.25,(660, 180)
0.25,(660, 726)
0.25,(662, 46)
0.25,(662, 620)
0.25,(666, 288)
0.25,(666, 444)
0.25,(666, 524)
0.25,(668, 128)
0.25,(668, 172)
0.25,(672, 58)
0.25,(672, 246)
0.25,(672, 686)
0.25,(674, 266)
0.25,(676, 378)
0.25,(678, 492)
0.25,(680, 528)
0.25,(682, 204)
0.25,(682, 310)
0.25,(682, 436)
0.25,(684, 246)
0.25,(684, 368)
0.25,(684, 516)
0.25,(686, 496)
0.25,(686, 670)
0.25,(686, 776)
0.25,(688, 274)
0.25,(688, 322)
0.25,(690, 64)
0.25,(692, 788)
0.25,(694, 94)
0.25,(694, 308)
0.25,(694, 386)
0.25,(694, 440)
0.25,(694, 542)
0.25,(700, 74)
0.25,(700, 166)
0.25,(704, 506)
0.25,(704, 522)
0.25,(704, 604)
0.25,(706, 140)
0.25,(706, 318)
0.25,(706, 578)
0.25,(706, 700)
0.25,(708, 186)
0.25,(708, 410)
0.25,(710, 130)
0.25,(710, 224)
0.25,(710, 470)
0.25,(712, 436)
0.25,(714, 204)
0.25,(714, 326)
0.25,(718, 174)
0.25,(718, 500)
0.25,(718, 598)
0.25,(718, 772)
0.25,(720, 314)
0.25,(722, 60)
0.25,(722, 108)
0.25,(722, 160)
0.25,(722, 194)
0.25,(724, 12)
0.25,(724, 226)
0.25,(724, 274)
0.25,(724, 562)
0.25,(724, 688)
0.25,(726, 594)
0.25,(730, 634)
0.25,(734, 124)
0.25,(736, 546)
0.25,(738, 294)
0.25,(738, 320)
0.25,(740, 2)
0.25,(740, 226)
0.25,(740, 260)
0.25,(740, 526)
0.25,(740, 702)
0.25,(740, 726)
0.25,(742, 74)
0.25,(742, 362)
0.25,(744, 396)
0.25,(746, 186)
0.25,(746, 438)
0.25,(746, 776)
0.25,(748, 496)
0.25,(750, 470)
0.25,(752, 196)
0.25,(752, 744)
0.25,(754, 130)
0.25,(754, 566)
0.25,(754, 608)
0.25,(758, 34)
0.25,(760, 500)
0.25,(762, 778)
0.25,(764, 192)
0.25,(764, 712)
0.25,(768, 52)
0.25,(770, 38)
0.25,(770, 352)
0.25,(772, 382)
0.25,(772, 656)
0.25,(778, 768)
0.25,(780, 144)
0.25,(780, 504)
0.25,(782, 584)
0.25,(782, 796)
0.25,(786, 14)
0.25,(790, 424)
0.25,(790, 694)
0.25,(792, 78)
0.25,(794, 202)
0.25,(794, 726)
0.25,(796, 24)
0.25,(796, 348)
0.25,(798, 432)
0.5,(40, 410)
0.5,(156, 524)
0.5,(226, 410)
0.5,(258, 96)
0.5,(330, 592)
0.5,(424, 164)
0.5,(778, 32)
0.5,(750, 728)
0.5,(518, 254)
0.5,(512, 74)
0.5,(118, 680)
0.5,(108, 144)
0.5,(76, 638)
0.5,(258, 174)
0.5,(780, 116)
0.5,(578, 598)
0.5,(790, 184)
0.5,(682, 598)
0.5,(646, 18)
0.5,(590, 634)
0.5,(472, 652)
0.5,(476, 196)
0.5,(280, 698)
0.5,(58, 118)
0.5,(754, 302)
0.5,(478, 532)
0.5,(372, 718)
0.5,(116, 320)
0.5,(2, 646)
0.5,(36, 66)
0.5,(50, 252)
0.5,(72, 568)
0.5,(84, 738)
0.5,(88, 210)
0.5,(94, 456)
0.5,(104, 642)
0.5,(110, 384)
0.5,(112, 242)
0.5,(114, 108)
0.5,(128, 470)
0.5,(134, 606)
0.5,(156, 636)
0.5,(160, 336)
0.5,(164, 408)
0.5,(172, 622)
0.5,(180, 104)
0.5,(180, 248)
0.5,(202, 346)
0.5,(220, 570)
0.5,(222, 110)
0.5,(232, 510)
0.5,(238, 176)
0.5,(246, 592)
0.5,(258, 434)
0.5,(268, 292)
0.5,(268, 462)
0.5,(274, 512)
0.5,(284, 588)
0.5,(288, 724)
0.5,(304, 100)
0.5,(304, 448)
0.5,(308, 376)
0.5,(310, 330)
0.5,(310, 394)
0.5,(318, 66)
0.5,(326, 692)
0.5,(332, 504)
0.5,(342, 338)
0.5,(354, 548)
0.5,(382, 690)
0.5,(396, 528)
0.5,(402, 484)
0.5,(406, 248)
0.5,(410, 440)
0.5,(416, 232)
0.5,(432, 498)
0.5,(460, 38)
0.5,(460, 396)
0.5,(470, 50)
0.5,(474, 296)
0.5,(484, 156)
0.5,(484, 400)
0.5,(492, 466)
0.5,(500, 94)
0.5,(506, 498)
0.5,(510, 712)
0.5,(522, 274)
0.5,(544, 406)
0.5,(546, 250)
0.5,(548, 694)
0.5,(550, 522)
0.5,(568, 578)
0.5,(570, 76)
0.5,(574, 358)
0.5,(578, 656)
0.5,(582, 156)
0.5,(584, 294)
0.5,(586, 244)
0.5,(606, 78)
0.5,(632, 548)
0.5,(634, 210)
0.5,(638, 528)
0.5,(648, 768)
0.5,(652, 636)
0.5,(654, 746)
0.5,(678, 294)
0.5,(682, 162)
0.5,(682, 402)
0.5,(684, 646)
0.5,(700, 628)
0.5,(704, 480)
0.5,(708, 752)
0.5,(720, 526)
0.5,(742, 384)
0.5,(748, 122)
0.5,(770, 732)
0.5,(796, 564)
0.5,(704, 642)
0.5,(696, 402)
0.5,(562, 690)
0.5,(524, 712)
0.5,(460, 406)
0.5,(414, 428)
0.5,(342, 500)
0.5,(184, 116)
0.5,(172, 330)
0.5,(96, 736)
0.5,(488, 198)
0.5,(90, 642)
0.5,(778, 26)
0.5,(432, 152)
0.5,(268, 86)
0.5,(268, 104)
0.25,(786, 504)
0.5,(790, 142)
0.5,(780, 762)
0.25,(776, 382)
0.5,(770, 708)
0.5,(764, 186)
0.5,(770, 780)
0.25,(758, 606)
0.5,(752, 442)
0.25,(750, 186)
0.5,(734, 70)
0.25,(742, 528)
0.5,(742, 518)
0.25,(742, 224)
0.25,(746, 2)
0.25,(728, 588)
0.5,(720, 278)
0.25,(724, 18)
0.5,(724, 768)
0.5,(716, 506)
0.5,(708, 462)
0.5,(712, 412)
0.5,(706, 314)
0.25,(706, 524)
0.25,(706, 162)
0.5,(708, 72)
0.25,(696, 536)
0.5,(690, 542)
0.5,(698, 382)
0.25,(696, 306)
0.25,(698, 98)
0.25,(690, 772)
0.5,(680, 780)
0.25,(688, 370)
0.5,(672, 206)
0.25,(678, 382)
0.25,(680, 268)
0.25,(666, 448)
0.25,(666, 626)
0.5,(656, 152)
0.25,(664, 762)
0.5,(650, 384)
0.5,(662, 374)
0.25,(652, 648)
0.5,(642, 572)
0.25,(642, 684)
0.5,(636, 680)
0.25,(644, 144)
0.5,(628, 110)
0.25,(636, 260)
0.5,(634, 330)
0.25,(636, 188)
0.25,(630, 784)
0.25,(628, 488)
0.25,(626, 646)
0.5,(614, 386)
0.5,(622, 708)
0.25,(622, 28)
0.25,(614, 738)
0.5,(604, 560)
0.25,(608, 638)
0.25,(612, 630)
0.25,(606, 714)
0.25,(606, 350)
0.25,(602, 184)
0.5,(606, 406)
0.5,(606, 270)
0.5,(592, 60)
0.5,(592, 756)
0.5,(584, 570)
0.25,(582, 484)
0.5,(576, 96)
0.5,(576, 318)
0.25,(568, 288)
0.25,(570, 134)
0.25,(570, 554)
0.5,(560, 726)
0.5,(558, 312)
0.25,(550, 426)
0.25,(546, 294)
0.5,(530, 188)
0.5,(524, 506)
0.5,(526, 396)
0.25,(532, 14)
0.25,(516, 760)
0.25,(522, 578)
0.25,(520, 438)
0.5,(504, 440)
0.25,(512, 596)
0.25,(508, 210)
0.25,(506, 768)
0.25,(504, 238)
0.25,(502, 406)
0.5,(488, 710)
0.25,(494, 364)
0.5,(496, 352)
0.5,(474, 774)
0.5,(482, 324)
0.5,(464, 504)
0.25,(474, 86)
0.25,(470, 372)
0.5,(458, 376)
0.5,(460, 170)
0.25,(466, 334)
0.25,(458, 154)
0.5,(458, 260)
0.25,(456, 542)
0.25,(456, 104)
0.5,(446, 592)
0.5,(440, 394)
0.5,(438, 330)
0.5,(446, 566)
0.25,(434, 36)
0.5,(424, 382)
0.25,(432, 214)
0.25,(426, 646)
0.5,(426, 792)
0.5,(410, 296)
0.25,(416, 664)
0.25,(412, 364)
0.25,(408, 124)
0.25,(410, 118)
0.25,(404, 414)
0.25,(398, 314)
0.5,(400, 556)
0.25,(396, 90)
0.25,(396, 196)
0.5,(398, 206)
0.25,(392, 10)
0.25,(388, 376)
0.25,(388, 238)
0.25,(384, 664)
0.25,(380, 354)
0.5,(372, 268)
0.25,(380, 148)
0.25,(382, 538)
0.25,(374, 414)
0.25,(372, 756)
0.5,(354, 588)
0.5,(362, 364)
0.5,(342, 228)
0.5,(348, 250)
0.25,(350, 792)
0.5,(334, 738)
0.25,(342, 96)
0.25,(336, 786)
0.5,(330, 426)
0.25,(330, 394)
0.5,(334, 12)
0.25,(310, 770)
0.25,(304, 624)
0.25,(300, 790)
0.25,(298, 520)
0.5,(298, 430)
0.25,(290, 578)
0.25,(276, 626)
0.25,(282, 40)
0.25,(274, 648)
0.5,(266, 750)
0.25,(266, 522)
0.25,(260, 328)
0.25,(256, 504)
0.5,(254, 618)
0.5,(254, 648)
0.5,(252, 216)
0.5,(238, 726)
0.25,(240, 636)
0.25,(244, 368)
0.25,(242, 384)
0.25,(240, 92)
0.5,(240, 240)
0.5,(234, 62)
0.25,(232, 654)
0.5,(224, 182)
0.5,(224, 358)
0.5,(222, 630)
0.5,(212, 378)
0.5,(204, 126)
0.5,(196, 742)
0.5,(204, 478)
0.25,(206, 396)
0.5,(206, 30)
0.25,(198, 274)
0.25,(198, 666)
0.25,(192, 446)
0.25,(196, 196)
0.5,(180, 294)
0.5,(180, 564)
0.25,(186, 86)
0.5,(170, 84)
0.25,(178, 172)
0.25,(162, 428)
0.25,(162, 26)
0.5,(154, 298)
0.25,(148, 276)
0.25,(148, 506)
0.5,(134, 200)
0.5,(126, 358)
0.25,(134, 304)
0.25,(118, 704)
0.5,(116, 592)
0.25,(116, 162)
0.25,(116, 264)
0.5,(116, 742)
0.25,(106, 528)
0.25,(106, 434)
0.25,(102, 362)
0.25,(102, 582)
0.5,(88, 368)
0.5,(92, 70)
0.25,(102, 12)
0.5,(92, 274)
0.25,(90, 606)
0.5,(80, 548)
0.5,(80, 714)
0.5,(78, 348)
0.25,(88, 192)
0.5,(86, 574)
0.25,(80, 124)
0.25,(82, 98)
0.25,(76, 278)
0.25,(74, 790)
0.5,(64, 792)
0.25,(64, 368)
0.5,(56, 648)
0.5,(58, 164)
0.5,(48, 100)
0.5,(50, 608)
0.25,(52, 18)
0.25,(56, 22)
0.25,(48, 682)
0.5,(30, 228)
0.5,(42, 230)
0.5,(22, 160)
0.25,(24, 610)
0.25,(24, 456)
0.5,(10, 84)
0.5,(24, 772)
0.25,(18, 554)
0.25,(12, 498)
0.5,(6, 608)
0.5,(12, 56)
0.25,(80, 774)
0.25,(144, 760)
0.25,(790, 632)
0.25,(6, 162)
0.5,(28, 366)
0.5,(50, 758)
0.5,(146, 488)
0.5,(172, 222)
0.25,(188, 426)
0.5,(298, 496)
0.5,(326, 246)
0.25,(426, 754)
0.25,(458, 230)
0.5,(552, 10)
0.25,(610, 236)
0.5,(648, 240)
0.5,(762, 326)
0.25,(742, 94)
0.25,(710, 792)
0.25,(716, 548)
0.5,(704, 564)
0.25,(704, 344)
0.25,(708, 52)
0.25,(676, 102)
0.25,(658, 216)
0.5,(678, 228)
0.5,(656, 414)
0.25,(654, 554)
0.25,(644, 276)
0.5,(656, 340)
0.25,(586, 396)
0.25,(594, 378)
0.25,(586, 740)
0.25,(554, 348)
0.25,(514, 146)
0.25,(488, 766)
0.5,(482, 746)
0.25,(450, 300)
0.5,(430, 290)
0.25,(408, 722)
0.25,(374, 232)
0.5,(340, 160)
0.25,(318, 28)
0.25,(308, 124)
0.25,(286, 208)
0.5,(302, 196)
0.5,(230, 556)
0.5,(232, 542)
0.25,(208, 784)
0.25,(178, 728)
0.25,(132, 640)
0.25,(126, 418)
0.5,(134, 418)
0.5,(110, 626)
0.25,(100, 494)
0.25,(72, 616)
0.25,(62, 260)
0.25,(32, 44)
0.25,(44, 36)
0.25,(40, 292)
0.25,(302, 684)
0.25,(526, 450)
0.25,(462, 756)
0.25,(286, 238)
0.5,(62, 448)
0.5,(36, 336)
0.5,(792, 478)
0.25,(786, 518)
0.5,(790, 544)
0.25,(776, 232)
0.25,(760, 144)
0.25,(764, 378)
0.25,(756, 206)
0.5,(754, 584)
0.5,(742, 660)
0.25,(742, 174)
0.25,(734, 370)
0.25,(724, 608)
0.25,(698, 248)
0.25,(692, 48)
0.25,(690, 80)
0.25,(688, 746)
0.25,(682, 26)
0.25,(618, 280)
0.25,(618, 226)
0.5,(616, 128)
0.25,(604, 248)
0.25,(608, 56)
0.25,(592, 510)
0.25,(564, 56)
0.25,(530, 634)
0.25,(532, 590)
0.25,(476, 614)
0.25,(474, 458)
0.25,(480, 10)
0.25,(462, 194)
0.25,(470, 238)
0.25,(464, 468)
0.25,(444, 758)
0.25,(432, 488)
0.5,(424, 484)
0.5,(428, 690)
0.25,(410, 776)
0.25,(410, 542)
0.25,(406, 142)
0.25,(392, 270)
0.5,(402, 276)
0.25,(396, 764)
0.25,(392, 126)
0.25,(388, 120)
0.25,(382, 346)
0.5,(364, 140)
0.25,(366, 122)
0.25,(366, 512)
0.25,(360, 506)
0.25,(360, 402)
0.25,(348, 608)
0.5,(328, 614)
0.5,(322, 284)
0.25,(328, 750)
0.25,(332, 404)
0.25,(324, 446)
0.25,(296, 36)
0.25,(274, 312)
0.5,(268, 198)
0.25,(256, 238)
0.5,(252, 778)
0.5,(230, 678)
0.25,(218, 26)
0.25,(206, 250)
0.25,(198, 224)
0.25,(196, 358)
0.25,(172, 372)
0.5,(166, 650)
0.25,(170, 184)
0.25,(162, 790)
0.25,(166, 508)
0.5,(172, 506)
0.25,(160, 166)
0.5,(150, 136)
0.25,(146, 58)
0.25,(132, 694)
0.25,(128, 264)
0.25,(118, 456)
0.25,(100, 472)
0.25,(96, 546)
0.25,(86, 392)
0.25,(80, 390)
0.25,(62, 104)
0.25,(28, 102)
0.5,(16, 236)
0.25,(28, 26)
0.25,(10, 374)
0.25,(674, 752)
0.25,(414, 508)
0.25,(366, 300)
0.5,(196, 500)
0.5,(158, 254)
0.25,(70, 10)
0.25,(574, 254)
0.25,(448, 724)
0.5,(414, 56)
0.25,(398, 616)
0.5,(224, 80)
0.25,(214, 78)
0.5,(180, 278)
0.25,(106, 328)
0.5,(100, 52)
0.25,(0, 10)
0.25,(0, 22)
0.25,(0, 42)
0.25,(0, 94)
0.25,(0, 112)
0.25,(0, 200)
0.25,(0, 224)
0.25,(0, 348)
0.25,(0, 522)
0.25,(0, 534)
0.25,(0, 748)
0.25,(0, 766)
0.25,(2, 626)
0.25,(2, 712)
0.25,(2, 740)
0.25,(6, 566)
0.25,(8, 174)
0.25,(8, 284)
0.25,(8, 332)
0.25,(8, 392)
0.25,(8, 456)
0.25,(10, 42)
0.25,(10, 122)
0.25,(10, 296)
0.25,(12, 264)
0.25,(12, 634)
0.25,(16, 312)
0.25,(16, 470)
0.25,(16, 488)
0.25,(18, 536)
0.25,(18, 712)
0.25,(20, 296)
0.25,(22, 414)
0.25,(22, 526)
0.25,(26, 170)
0.25,(26, 644)
0.25,(26, 726)
0.25,(28, 114)
0.25,(28, 488)
0.25,(28, 588)
0.25,(30, 146)
0.25,(30, 254)
0.25,(30, 390)
0.25,(30, 450)
0.25,(30, 540)
0.25,(30, 750)
0.25,(34, 582)
0.25,(36, 168)
0.25,(36, 702)
0.25,(38, 138)
0.25,(38, 196)
0.25,(38, 378)
0.25,(38, 386)
0.25,(38, 564)
0.25,(40, 158)
0.25,(40, 206)
0.25,(40, 372)
0.25,(40, 438)
0.25,(40, 632)
0.25,(40, 648)
0.25,(42, 400)
0.25,(42, 724)
0.25,(46, 80)
0.25,(46, 140)
0.25,(48, 500)
0.25,(50, 352)
0.25,(52, 274)
0.25,(52, 584)
0.25,(56, 2)
0.25,(58, 50)
0.25,(58, 206)
0.25,(60, 404)
0.25,(60, 670)
0.25,(62, 610)
0.25,(62, 742)
0.25,(64, 78)
0.25,(64, 762)
0.25,(66, 58)
0.25,(66, 544)
0.25,(66, 662)
0.25,(68, 312)
0.25,(70, 140)
0.25,(72, 40)
0.25,(72, 112)
0.25,(72, 582)
0.25,(74, 498)
0.25,(76, 668)
0.25,(80, 414)
0.25,(82, 0)
0.25,(82, 326)
0.25,(82, 338)
0.25,(82, 686)
0.25,(84, 84)
0.25,(84, 442)
0.25,(86, 598)
0.25,(86, 762)
0.25,(88, 22)
0.25,(88, 238)
0.25,(90, 308)
0.25,(90, 316)
0.25,(90, 688)
0.25,(92, 246)
0.25,(92, 672)
0.25,(94, 0)
0.25,(94, 402)
0.25,(94, 412)
0.25,(96, 168)
0.25,(98, 722)
0.25,(100, 288)
0.25,(102, 446)
0.25,(104, 212)
0.25,(106, 716)
0.25,(108, 30)
0.25,(108, 408)
0.25,(110, 512)
0.25,(112, 298)
0.25,(114, 766)
0.25,(116, 0)
0.25,(116, 278)
0.25,(116, 396)
0.25,(116, 780)
0.25,(118, 496)
0.25,(120, 634)
0.25,(120, 750)
0.25,(122, 66)
0.25,(122, 232)
0.25,(122, 252)
0.25,(122, 546)
0.25,(126, 62)
0.25,(126, 114)
0.25,(126, 182)
0.25,(128, 588)
0.25,(130, 158)
0.25,(130, 284)
0.25,(132, 552)
0.25,(134, 426)
0.25,(134, 512)
0.25,(134, 736)
0.25,(136, 210)
0.25,(138, 98)
0.25,(138, 186)
0.25,(138, 540)
0.25,(140, 470)
0.25,(142, 450)
0.25,(148, 352)
0.25,(148, 368)
0.25,(150, 86)
0.25,(152, 314)
0.25,(152, 426)
0.25,(152, 614)
0.25,(154, 200)
0.25,(154, 484)
0.25,(154, 602)
0.25,(156, 466)
0.25,(156, 570)
0.25,(162, 40)
0.25,(162, 194)
0.25,(162, 384)
0.25,(162, 558)
0.25,(164, 124)
0.25,(164, 308)
0.25,(164, 448)
0.25,(168, 62)
0.25,(168, 462)
0.25,(168, 484)
0.25,(172, 546)
0.25,(174, 720)
0.25,(176, 698)
0.25,(178, 26)
0.25,(178, 62)
0.25,(178, 208)
0.25,(180, 134)
0.25,(180, 486)
0.25,(180, 522)
0.25,(182, 766)
0.25,(184, 408)
0.25,(184, 478)
0.25,(184, 786)
0.25,(186, 22)
0.25,(190, 558)
0.25,(192, 306)
0.25,(192, 372)
0.25,(192, 582)
0.25,(192, 648)
0.25,(194, 552)
0.25,(196, 52)
0.25,(198, 98)
0.25,(198, 384)
0.25,(198, 612)
0.25,(198, 644)
0.25,(200, 80)
0.25,(202, 674)
0.25,(204, 174)
0.25,(206, 286)
0.25,(206, 316)
0.25,(208, 162)
0.25,(208, 432)
0.25,(208, 452)
0.25,(208, 538)
0.25,(208, 796)
0.25,(210, 728)
0.25,(212, 238)
0.25,(216, 8)
0.25,(216, 326)
0.25,(216, 698)
0.25,(216, 736)
0.25,(220, 60)
0.25,(220, 234)
0.25,(220, 748)
0.25,(222, 138)
0.25,(226, 30)
0.25,(228, 436)
0.25,(232, 740)
0.25,(234, 492)
0.25,(236, 332)
0.25,(238, 32)
0.25,(238, 254)
0.25,(238, 266)
0.25,(238, 294)
0.25,(238, 420)
0.25,(238, 750)
0.25,(240, 576)
0.25,(240, 606)
0.25,(242, 758)
0.25,(244, 304)
0.25,(244, 696)
0.25,(246, 186)
0.25,(246, 446)
0.25,(246, 516)
0.25,(248, 68)
0.25,(250, 662)
0.25,(252, 368)
0.25,(252, 476)
0.25,(256, 584)
0.25,(258, 120)
0.25,(258, 400)
0.25,(258, 560)
0.25,(258, 710)
0.25,(260, 14)
0.25,(260, 704)
0.25,(264, 336)
0.25,(266, 58)
0.25,(266, 242)
0.25,(266, 442)
0.25,(266, 774)
0.25,(268, 730)
0.25,(270, 364)
0.25,(272, 342)
0.25,(272, 386)
0.25,(272, 452)
0.25,(274, 324)
0.25,(278, 48)
0.25,(278, 66)
0.25,(278, 634)
0.25,(278, 786)
0.25,(280, 28)
0.25,(280, 266)
0.25,(280, 366)
0.25,(280, 404)
0.25,(282, 76)
0.25,(282, 220)
0.25,(282, 426)
0.25,(282, 772)
0.25,(284, 260)
0.25,(284, 602)
0.25,(286, 274)
0.25,(288, 0)
0.25,(288, 148)
0.25,(288, 736)
0.25,(290, 132)
0.25,(290, 324)
0.25,(290, 696)
0.25,(292, 778)
0.25,(294, 762)
0.25,(300, 290)
0.25,(300, 796)
0.25,(302, 224)
0.25,(302, 594)
0.25,(304, 148)
0.25,(304, 610)
0.25,(304, 646)
0.25,(306, 190)
0.25,(306, 308)
0.25,(306, 466)
0.25,(306, 552)
0.25,(306, 656)
0.25,(308, 538)
0.25,(310, 4)
0.25,(312, 352)
0.25,(314, 402)
0.25,(314, 532)
0.25,(314, 774)
0.25,(314, 790)
0.25,(316, 472)
0.25,(318, 220)
0.25,(318, 490)
0.25,(320, 258)
0.25,(320, 336)
0.25,(320, 760)
0.25,(324, 376)
0.25,(324, 560)
0.25,(326, 188)
0.25,(328, 514)
0.25,(328, 718)
0.25,(330, 24)
0.25,(330, 60)
0.25,(330, 130)
0.25,(332, 568)
0.25,(334, 478)
0.25,(338, 360)
0.25,(340, 764)
0.25,(342, 272)
0.25,(342, 692)
0.25,(344, 108)
0.25,(346, 56)
0.25,(346, 480)
0.25,(346, 568)
0.25,(346, 656)
0.25,(346, 728)
0.25,(348, 292)
0.25,(348, 708)
0.25,(350, 424)
0.25,(350, 468)
0.25,(352, 530)
0.25,(354, 22)
0.25,(354, 316)
0.25,(354, 332)
0.25,(354, 518)
0.25,(354, 754)
0.25,(356, 112)
0.25,(356, 662)
0.25,(356, 692)
0.25,(358, 606)
0.25,(360, 280)
0.25,(360, 428)
0.25,(360, 790)
0.25,(362, 0)
0.25,(362, 214)
0.25,(362, 490)
0.25,(362, 646)
0.25,(364, 546)
0.25,(364, 776)
0.25,(366, 70)
0.25,(366, 186)
0.25,(366, 388)
0.25,(366, 628)
0.25,(368, 12)
0.25,(368, 338)
0.25,(368, 562)
0.25,(368, 592)
0.25,(368, 610)
0.25,(370, 102)
0.25,(370, 324)
0.25,(370, 748)
0.25,(374, 604)
0.25,(376, 2)
0.25,(376, 18)
0.25,(376, 26)
0.25,(376, 652)
0.25,(378, 708)
0.25,(380, 134)
0.25,(380, 166)
0.25,(380, 186)
0.25,(380, 450)
0.25,(380, 580)
0.25,(380, 626)
0.25,(384, 554)
0.25,(384, 574)
0.25,(384, 702)
0.25,(384, 736)
0.25,(386, 430)
0.25,(386, 634)
0.25,(390, 232)
0.25,(390, 508)
0.25,(390, 794)
0.25,(392, 44)
0.25,(392, 146)
0.25,(392, 184)
0.25,(392, 466)
0.25,(394, 648)
0.25,(394, 712)
0.25,(396, 24)
0.25,(396, 350)
0.25,(398, 260)
0.25,(398, 420)
0.25,(398, 784)
0.25,(400, 102)
0.25,(400, 454)
0.25,(400, 644)
0.25,(400, 688)
0.25,(402, 682)
0.25,(404, 336)
0.25,(404, 604)
0.25,(406, 0)
0.25,(406, 170)
0.25,(406, 200)
0.25,(406, 634)
0.25,(408, 30)
0.25,(410, 40)
0.25,(410, 750)
0.25,(412, 148)
0.25,(414, 136)
0.25,(414, 652)
0.25,(418, 22)
0.25,(418, 320)
0.25,(420, 0)
0.25,(420, 632)
0.25,(422, 68)
0.25,(422, 722)
0.25,(424, 618)
0.25,(426, 532)
0.25,(428, 22)
0.25,(428, 364)
0.25,(430, 134)
0.25,(432, 736)
0.25,(432, 776)
0.25,(434, 184)
0.25,(434, 308)
0.25,(434, 710)
0.25,(436, 262)
0.25,(438, 18)
0.25,(438, 220)
0.25,(438, 340)
0.25,(440, 98)
0.25,(440, 128)
0.25,(440, 158)
0.25,(440, 206)
0.25,(440, 242)
0.25,(440, 444)
0.25,(442, 42)
0.25,(442, 606)
0.25,(442, 670)
0.25,(442, 790)
0.25,(444, 648)
0.25,(446, 206)
0.25,(446, 284)
0.25,(446, 482)
0.25,(446, 698)
0.25,(446, 740)
0.25,(448, 4)
0.25,(452, 514)
0.25,(458, 424)
0.25,(458, 780)
0.25,(462, 432)
0.25,(464, 212)
0.25,(466, 574)
0.25,(468, 266)
0.25,(468, 420)
0.25,(468, 666)
0.25,(472, 556)
0.25,(472, 636)
0.25,(474, 24)
0.25,(474, 114)
0.25,(474, 250)
0.25,(474, 590)
0.25,(478, 32)
0.25,(480, 368)
0.25,(480, 502)
0.25,(484, 300)
0.25,(486, 170)
0.25,(486, 220)
0.25,(486, 436)
0.25,(488, 478)
0.25,(488, 598)
0.25,(490, 682)
0.25,(490, 732)
0.25,(492, 4)
0.25,(492, 630)
0.25,(494, 420)
0.25,(494, 532)
0.25,(494, 580)
0.25,(498, 12)
0.25,(498, 130)
0.25,(498, 316)
0.25,(500, 52)
0.25,(500, 222)
0.25,(500, 302)
0.25,(502, 676)
0.25,(502, 742)
0.25,(506, 278)
0.25,(506, 540)
0.25,(506, 566)
0.25,(506, 618)
0.25,(506, 782)
0.25,(508, 162)
0.25,(508, 468)
0.25,(510, 22)
0.25,(510, 526)
0.25,(510, 558)
0.25,(514, 454)
0.25,(516, 482)
0.25,(516, 768)
0.25,(518, 4)
0.25,(518, 36)
0.25,(518, 614)
0.25,(520, 172)
0.25,(520, 296)
0.25,(520, 424)
0.25,(520, 598)
0.25,(522, 136)
0.25,(522, 534)
0.25,(526, 304)
0.25,(526, 674)
0.25,(526, 688)
0.25,(528, 236)
0.25,(528, 558)
0.25,(528, 794)
0.25,(530, 546)
0.25,(532, 478)
0.25,(534, 122)
0.25,(534, 336)
0.25,(534, 652)
0.25,(534, 694)
0.25,(534, 776)
0.25,(536, 38)
0.25,(536, 364)
0.25,(538, 208)
0.25,(538, 658)
0.25,(538, 716)
0.25,(540, 742)
0.25,(542, 84)
0.25,(542, 384)
0.25,(542, 446)
0.25,(542, 504)
0.25,(542, 724)
0.25,(544, 56)
0.25,(544, 162)
0.25,(544, 626)
0.25,(546, 546)
0.25,(548, 178)
0.25,(548, 468)
0.25,(550, 32)
0.25,(550, 80)
0.25,(550, 588)
0.25,(550, 748)
0.25,(550, 782)
0.25,(552, 332)
0.25,(552, 534)
0.25,(552, 630)
0.25,(554, 104)
0.25,(554, 282)
0.25,(554, 386)
0.25,(554, 396)
0.25,(554, 500)
0.25,(554, 600)
0.25,(554, 610)
0.25,(556, 662)
0.25,(558, 634)
0.25,(560, 374)
0.25,(560, 780)
0.25,(562, 198)
0.25,(564, 330)
0.25,(566, 790)
0.25,(568, 408)
0.25,(570, 168)
0.25,(570, 190)
0.25,(570, 232)
0.25,(572, 0)
0.25,(572, 472)
0.25,(572, 524)
0.25,(572, 632)
0.25,(574, 176)
0.25,(576, 66)
0.25,(576, 136)
0.25,(576, 492)
0.25,(576, 790)
0.25,(578, 114)
0.25,(578, 416)
0.25,(578, 444)
0.25,(580, 334)
0.25,(582, 404)
0.25,(584, 8)
0.25,(584, 90)
0.25,(584, 324)
0.25,(584, 612)
0.25,(584, 702)
0.25,(584, 718)
0.25,(584, 776)
0.25,(586, 108)
0.25,(586, 196)
0.25,(586, 552)
0.25,(592, 112)
0.25,(592, 218)
0.25,(592, 466)
0.25,(594, 206)
0.25,(594, 280)
0.25,(596, 476)
0.25,(596, 534)
0.25,(598, 656)
0.25,(602, 18)
0.25,(602, 540)
0.25,(602, 740)
0.25,(604, 336)
0.25,(604, 392)
0.25,(604, 586)
0.25,(604, 766)
0.25,(606, 202)
0.25,(606, 434)
0.25,(608, 146)
0.25,(608, 318)
0.25,(614, 0)
0.25,(614, 458)
0.25,(614, 476)
0.25,(614, 522)
0.25,(616, 422)
0.25,(616, 662)
0.25,(618, 372)
0.25,(618, 484)
0.25,(618, 640)
0.25,(620, 70)
0.25,(620, 178)
0.25,(620, 618)
0.25,(622, 308)
0.25,(622, 754)
0.25,(624, 90)
0.25,(624, 152)
0.25,(624, 744)
0.25,(626, 580)
0.25,(626, 598)
0.25,(626, 724)
0.25,(628, 404)
0.25,(630, 508)
0.25,(632, 44)
0.25,(632, 360)
0.25,(632, 722)
0.25,(634, 160)
0.25,(634, 300)
0.25,(636, 454)
0.25,(638, 180)
0.25,(638, 290)
0.25,(638, 422)
0.25,(638, 754)
0.25,(640, 82)
0.25,(640, 100)
0.25,(640, 116)
0.25,(640, 668)
0.25,(648, 48)
0.25,(648, 224)
0.25,(648, 710)
0.25,(650, 82)
0.25,(650, 138)
0.25,(650, 450)
0.25,(650, 600)
0.25,(654, 10)
0.25,(654, 470)
0.25,(654, 514)
0.25,(654, 690)
0.25,(656, 258)
0.25,(656, 680)
0.25,(656, 702)
0.25,(660, 110)
0.25,(660, 586)
0.25,(660, 716)
0.25,(660, 796)
0.25,(662, 306)
0.25,(662, 358)
0.25,(664, 186)
0.25,(664, 274)
0.25,(664, 674)
0.25,(664, 732)
0.25,(666, 790)
0.25,(670, 330)
0.25,(670, 486)
0.25,(672, 506)
0.25,(672, 608)
0.25,(674, 8)
0.25,(674, 340)
0.25,(678, 94)
0.25,(680, 0)
0.25,(680, 718)
0.25,(682, 142)
0.25,(684, 286)
0.25,(686, 452)
0.25,(686, 686)
0.25,(688, 756)
0.25,(692, 158)
0.25,(692, 222)
0.25,(692, 414)
0.25,(692, 676)
0.25,(694, 180)
0.25,(696, 26)
0.25,(698, 206)
0.25,(698, 612)
0.25,(702, 674)
0.25,(708, 242)
0.25,(708, 688)
0.25,(710, 0)
0.25,(710, 10)
0.25,(710, 192)
0.25,(714, 122)
0.25,(714, 236)
0.25,(714, 668)
0.25,(714, 704)
0.25,(716, 26)
0.25,(716, 454)
0.25,(716, 616)
0.25,(718, 382)
0.25,(718, 650)
0.25,(720, 356)
0.25,(722, 424)
0.25,(724, 296)
0.25,(724, 624)
0.25,(726, 316)
0.25,(728, 212)
0.25,(728, 748)
0.25,(730, 56)
0.25,(730, 330)
0.25,(730, 714)
0.25,(734, 22)
0.25,(734, 38)
0.25,(734, 184)
0.25,(734, 458)
0.25,(734, 794)
0.25,(736, 574)
0.25,(736, 784)
0.25,(738, 160)
0.25,(738, 408)
0.25,(738, 638)
0.25,(740, 458)
0.25,(740, 608)
0.25,(742, 552)
0.25,(744, 60)
0.25,(744, 598)
0.25,(744, 684)
0.25,(746, 230)
0.25,(746, 256)
0.25,(746, 672)
0.25,(746, 796)
0.25,(748, 650)
0.25,(748, 706)
0.25,(750, 276)
0.25,(750, 362)
0.25,(750, 770)
0.25,(752, 490)
0.25,(754, 398)
0.25,(756, 78)
0.25,(756, 154)
0.25,(756, 436)
0.25,(756, 686)
0.25,(758, 346)
0.25,(758, 532)
0.25,(760, 122)
0.25,(760, 630)
0.25,(760, 754)
0.25,(762, 4)
0.25,(762, 214)
0.25,(762, 450)
0.25,(762, 688)
0.25,(764, 90)
0.25,(764, 416)
0.25,(766, 224)
0.25,(766, 498)
0.25,(768, 202)
0.25,(768, 360)
0.25,(768, 596)
0.25,(770, 276)
0.25,(770, 480)
0.25,(772, 246)
0.25,(772, 334)
0.25,(774, 260)
0.25,(774, 464)
0.25,(776, 4)
0.25,(776, 166)
0.25,(776, 394)
0.25,(778, 604)
0.25,(778, 638)
0.25,(780, 76)
0.25,(780, 204)
0.25,(780, 434)
0.25,(784, 456)
0.25,(784, 790)
0.25,(786, 130)
0.25,(786, 284)
0.25,(786, 354)
0.25,(788, 742)
0.25,(790, 332)
0.25,(792, 42)
0.25,(792, 238)
0.25,(792, 262)
0.25,(792, 292)
0.25,(794, 10)
0.25,(794, 94)
0.25,(794, 154)
0.25,(794, 176)
0.25,(794, 214)
0.25,(794, 396)
0.25,(794, 600)
0.25,(796, 224)
0.25,(796, 386)
0.25,(796, 650)
