1,0,136.0
1,0,699.5
1,0.5,694.5
1,1.0,58.0
1,2.5,558.5
1,3.0,310.5
1,3.5,658.5
1,4.0,46.0
1,4.0,82.5
1,4.0,161.0
1,4.0,351.0
1,4.0,360.0
1,4.0,653.0
1,4.5,156.5
1,5.0,203.0
1,7.0,225.0
1,7.0,768.0
1,7.5,72.0
1,8.5,373.5
1,9.0,0
1,9.0,733.0
1,10.0,712.0
1,12.5,342.0
1,13.5,685.5
1,14.0,214.0
1,15.0,285.0
1,16.0,60.5
1,16.0,200.0
1,16.0,299.0
1,16.0,332.0
1,16.0,360.5
1,16.0,456.0
1,16.0,772.0
1,16.5,77.5
1,16.5,181.5
1,16.5,555.5
1,17.0,789.0
1,18.0,42.0
1,19.0,133.0
1,19.0,265.0
1,19.0,669.0
1,22.0,315.0
1,22.0,362.0
1,22.5,456.5
1,23.0,188.0
1,23.0,374.5
1,23.0,748.5
1,24.0,470.0
1,24.0,608.5
1,24.0,715.5
1,24.5,235.5
1,26.0,700.0
1,27.0,25.5
1,27.0,795.0
1,27.5,725.5
1,29.0,360.0
1,29.0,415.0
1,29.0,436.0
1,29.0,455.5
1,30.0,624.0
1,32.0,173.0
1,32.0,636.0
1,32.0,647.0
1,32.0,777.0
1,34.0,61.5
1,34.0,295.0
1,35.0,83.0
1,35.0,115.0
1,35.0,274.0
1,35.0,672.0
1,35.0,771.0
1,36.0,76.0
1,36.0,149.0
1,36.5,753.5
1,37.0,256.0
1,38.0,318.0
1,38.0,602.0
1,39.0,795.0
1,40.5,31.5
1,40.5,291.5
1,40.5,306.5
1,41.5,428.5
1,42.0,39.0
1,42.0,664.0
1,43.0,704.0
1,44.0,788.0
1,45.0,360.0
1,45.0,566.0
1,45.0,772.0
1,46.0,138.0
1,46.0,441.0
1,46.0,631.0
1,46.0,651.0
1,47.0,187.0
1,49.0,726.0
1,49.5,19.5
1,49.5,615.0
1,49.5,679.0
1,50.0,763.0
1,52.0,603.0
1,53.0,81.0
1,53.0,142.0
1,53.0,326.0
1,53.0,395.0
1,54.0,476.0
1,54.5,23.5
1,54.5,698.5
1,57.0,353.0
1,57.0,425.0
1,58.0,371.0
1,58.0,522.5
1,59.0,122.0
1,59.0,276.0
1,59.0,450.0
1,59.5,223.5
1,59.5,386.5
1,60.0,230.0
1,61.0,679.0
1,61.0,755.0
1,61.0,794.0
1,61.5,628.5
1,62.0,367.0
1,63.0,4.0
1,63.5,723.0
1,64.0,209.0
1,65.0,51.0
1,66.0,407.0
1,66.0,468.0
1,66.0,477.0
1,68.0,430.5
1,68.0,442.0
1,68.5,570.0
1,69.0,191.0
1,69.0,201.0
1,70.0,742.0
1,70.0,765.0
1,71.0,80.0
1,71.5,551.5
1,72.0,531.0
1,74.0,180.0
1,74.0,315.0
1,74.5,225.5
1,75.0,379.0
1,75.5,280.0
1,76.0,101.0
1,76.0,606.0
1,77.0,142.0
1,78.0,393.0
1,79.0,113.0
1,79.0,429.0
1,79.0,776.0
1,80.0,40.0
1,81.0,169.0
1,81.0,296.0
1,81.5,97.5
1,82.0,353.0
1,82.0,498.0
1,85.0,368.0
1,85.0,393.0
1,86.0,527.0
1,86.5,193.0
1,88.0,414.0
1,88.5,264.5
1,89.0,140.0
1,89.0,327.0
1,90.0,87.0
1,90.0,338.0
1,90.0,686.0
1,91.0,130.0
1,91.5,314.5
1,92.0,653.0
1,92.0,666.0
1,92.0,765.0
1,92.5,208.5
1,93.0,579.0
1,93.5,109.5
1,94.0,216.0
1,94.0,241.0
1,94.5,36.5
1,94.5,537.0
1,94.5,547.5
1,95.0,73.0
1,95.0,364.0
1,96.0,370.0
1,96.0,635.0
1,96.5,520.5
1,97.0,690.0
1,99.0,113.0
1,99.0,674.0
1,99.0,789.0
1,100.0,472.0
1,100.5,434.5
1,101.0,583.0
1,101.5,203.5
1,102.0,0
1,102.0,171.0
1,102.0,360.5
1,102.5,468.5
1,104.0,88.0
1,104.0,437.0
1,104.5,326.5
1,104.5,528.5
1,105.0,649.0
1,105.0,724.0
1,105.5,133.5
1,106.5,645.0
1,107.0,290.0
1,107.5,621.5
1,109.0,150.0
1,109.0,380.5
1,110.0,744.0
1,111.0,145.5
1,111.0,213.0
1,112.5,167.5
1,112.5,790.5
1,113.0,718.0
1,114.5,237.0
1,115.0,31.0
1,115.5,199.0
1,115.5,537.5
1,116.0,128.5
1,116.0,250.0
1,116.0,515.0
1,116.0,604.5
1,118.0,301.0
1,119.5,34.5
1,120.0,14.0
1,120.0,389.0
1,120.0,615.0
1,120.5,144.5
1,120.5,749.5
1,121.0,767.0
1,122.0,1.0
1,122.0,399.0
1,123.0,159.5
1,124.0,278.0
1,124.0,431.0
1,124.0,527.0
1,124.0,780.0
1,125.5,382.5
1,125.5,419.5
1,125.5,516.5
1,126.0,496.0
1,126.0,737.0
1,127.0,144.0
1,127.0,302.0
1,127.0,481.0
1,128.0,69.0
1,128.0,549.0
1,129.0,159.0
1,129.0,234.0
1,129.5,80.5
1,129.5,727.5
1,132.0,185.0
1,132.0,694.0
1,133.5,240.5
1,133.5,676.5
1,134.0,62.0
1,134.0,114.0
1,134.0,568.0
1,134.5,310.5
1,135.0,40.0
1,136.0,22.0
1,136.0,287.0
1,136.0,553.0
1,136.5,364.0
1,137.0,696.0
1,137.5,331.5
1,138.0,196.5
1,138.5,796.5
1,139.0,68.5
1,139.0,774.0
1,140.0,232.0
1,140.0,262.0
1,141.0,11.0
1,141.0,42.0
1,141.0,514.0
1,141.0,556.0
1,141.5,506.5
1,143.0,176.0
1,143.0,587.0
1,144.0,101.0
1,144.0,664.5
1,144.0,754.0
1,145.0,541.0
1,146.0,156.0
1,146.0,186.0
1,147.0,277.0
1,147.0,471.0
1,148.0,25.0
1,148.0,79.0
1,148.0,386.0
1,149.0,452.0
1,150.0,552.0
1,151.0,662.0
1,151.5,582.5
1,152.5,675.0
1,153.0,269.0
1,153.0,289.0
1,153.5,735.5
1,154.0,371.0
1,154.0,452.0
1,155.5,231.5
1,157.0,87.0
1,159.0,260.0
1,159.0,315.0
1,159.0,395.0
1,159.0,588.5
1,159.5,544.5
1,160.0,605.0
1,161.0,201.0
1,162.0,571.0
1,163.0,782.5
1,164.0,466.0
1,165.0,350.0
1,165.0,600.5
1,167.0,109.0
1,168.0,84.0
1,168.0,139.0
1,169.0,42.0
1,169.0,308.5
1,169.5,709.5
1,170.0,127.0
1,170.0,384.0
1,170.0,451.0
1,171.0,309.5
1,173.5,228.5
1,173.5,372.5
1,174.0,84.5
1,174.0,371.5
1,175.0,486.0
1,175.0,544.0
1,175.5,622.5
1,176.0,62.0
1,176.0,655.0
1,176.5,167.5
1,176.5,777.5
1,177.0,174.0
1,177.0,395.5
1,177.0,615.0
1,179.5,723.5
1,181.5,107.0
1,182.0,329.0
1,183.0,122.0
1,183.0,528.0
1,183.0,700.0
1,183.5,695.5
1,184.0,51.0
1,184.0,89.0
1,185.0,10.0
1,185.0,27.0
1,185.0,106.5
1,185.0,591.0
1,186.0,686.0
1,187.0,135.0
1,187.5,393.5
1,188.5,322.5
1,189.0,65.5
1,192.0,408.0
1,192.0,668.0
1,192.0,786.0
1,193.0,24.0
1,193.5,630.5
1,194.5,358.5
1,197.0,275.0
1,197.0,710.0
1,198.0,651.0
1,198.0,666.0
1,199.0,308.0
1,199.0,374.0
1,199.0,583.0
1,199.5,153.5
1,199.5,291.5
1,199.5,573.5
1,200.5,9.5
1,200.5,433.5
1,201.0,505.0
1,201.0,554.0
1,201.5,143.5
1,202.0,448.0
1,202.0,473.5
1,202.5,230.5
1,202.5,461.5
1,203.5,251.5
1,204.0,399.0
1,204.0,615.0
1,204.0,748.0
1,205.0,646.0
1,205.5,288.0
1,206.0,435.0
1,206.5,3.0
1,207.0,739.0
1,207.0,786.0
1,208.0,406.0
1,208.0,595.5
1,208.5,450.5
1,209.0,523.5
1,209.0,676.0
1,211.0,176.0
1,212.0,25.5
1,212.0,122.0
1,212.0,555.0
1,212.0,629.0
1,213.0,372.0
1,213.0,596.0
1,213.0,691.5
1,215.0,164.0
1,215.0,798.0
1,215.5,506.5
1,216.0,478.0
1,216.0,731.0
1,216.5,699.5
1,217.0,26.0
1,217.5,294.0
1,218.0,241.0
1,220.0,352.0
1,221.0,224.0
1,223.0,124.0
1,223.0,738.0
1,224.0,8.0
1,225.5,590.5
1,226.0,63.0
1,226.0,288.0
1,226.0,383.0
1,226.0,623.0
1,226.5,318.0
1,227.0,235.0
1,228.0,280.0
1,228.0,748.0
1,228.0,774.5
1,228.5,648.0
1,229.0,702.5
1,230.0,574.0
1,230.5,52.5
1,230.5,654.5
1,232.0,482.0
1,232.0,634.0
1,232.5,708.5
1,233.0,323.5
1,234.0,30.0
1,234.0,785.0
1,236.0,355.0
1,236.0,436.0
1,236.5,541.0
1,237.0,118.5
1,239.0,741.0
1,239.5,463.5
1,239.5,634.0
1,240.0,95.5
1,242.0,335.0
1,244.0,367.5
1,244.0,679.5
1,245.0,33.0
1,245.0,256.0
1,245.0,268.0
1,245.0,295.0
1,245.0,752.0
1,245.5,199.5
1,245.5,611.0
1,246.5,562.5
1,247.0,278.0
1,248.0,576.0
1,248.0,761.0
1,248.5,696.0
1,250.0,675.5
1,251.0,306.0
1,252.0,346.5
1,252.0,406.0
1,252.0,519.0
1,252.0,696.0
1,252.5,33.0
1,252.5,794.5
1,253.0,7.0
1,253.0,448.0
1,253.0,509.0
1,254.0,352.0
1,254.5,390.5
1,254.5,502.5
1,257.0,664.0
1,259.0,477.0
1,259.0,549.0
1,260.0,368.0
1,260.5,595.0
1,261.0,126.0
1,261.0,192.0
1,261.5,709.5
1,262.0,132.0
1,262.5,411.5
1,263.5,396.5
1,264.0,563.0
1,264.0,584.0
1,265.0,45.5
1,265.0,742.5
1,265.5,649.5
1,266.5,520.5
1,268.0,81.5
1,268.0,427.0
1,268.5,515.5
1,270.0,109.0
1,270.0,271.5
1,272.5,647.5
1,273.0,59.0
1,273.0,464.5
1,273.0,775.0
1,274.0,442.0
1,275.0,94.0
1,275.0,732.0
1,275.5,692.5
1,276.0,118.0
1,276.0,288.0
1,276.0,481.0
1,276.0,618.0
1,276.0,625.5
1,279.0,344.0
1,279.0,512.0
1,280.0,184.0
1,280.5,678.5
1,281.0,394.0
1,281.0,667.0
1,283.0,340.0
1,283.0,498.0
1,284.0,264.5
1,284.0,637.0
1,285.0,787.0
1,285.5,208.5
1,286.0,66.0
1,286.0,407.0
1,286.5,582.5
1,287.5,358.5
1,288.0,223.0
1,288.0,556.0
1,289.0,77.0
1,289.5,214.5
1,290.5,508.5
1,290.5,576.5
1,291.0,609.0
1,291.5,480.5
1,292.0,277.0
1,293.0,178.5
1,294.0,151.0
1,294.0,637.0
1,295.0,2.0
1,297.0,133.0
1,297.0,247.5
1,297.0,521.0
1,297.5,95.5
1,298.0,56.0
1,298.0,668.0
1,298.5,797.5
1,300.0,790.0
1,300.5,683.5
1,302.0,64.0
1,302.5,127.5
1,303.0,452.0
1,304.0,280.5
1,304.0,624.0
1,305.0,133.0
1,305.0,212.0
1,305.0,347.0
1,306.0,293.0
1,307.0,123.5
1,307.5,696.5
1,308.0,597.0
1,309.0,756.0
1,309.5,413.5
1,309.5,715.5
1,310.0,106.0
1,310.0,151.0
1,310.0,177.0
1,310.0,322.0
1,311.0,337.0
1,311.0,455.0
1,311.0,518.0
1,311.0,611.0
1,311.0,648.0
1,312.0,210.0
1,312.0,469.0
1,313.0,554.0
1,314.0,95.0
1,314.0,308.0
1,314.0,656.0
1,315.0,86.0
1,315.0,153.0
1,315.0,540.0
1,315.0,669.0
1,316.0,432.0
1,317.0,506.0
1,318.0,322.0
1,318.0,578.0
1,319.0,336.5
1,319.0,354.0
1,319.0,727.0
1,320.0,101.0
1,320.0,709.0
1,321.0,241.0
1,322.0,532.0
1,322.0,790.0
1,323.0,474.0
1,324.0,662.0
1,325.0,491.0
1,325.5,433.5
1,327.0,749.5
1,328.0,760.0
1,329.0,110.0
1,329.5,361.5
1,330.0,536.0
1,330.0,552.0
1,330.5,78.5
1,330.5,772.5
1,331.0,123.0
1,331.0,283.0
1,331.0,562.0
1,332.0,191.0
1,332.0,341.0
1,332.5,40.5
1,333.5,513.0
1,335.0,218.5
1,335.0,281.0
1,335.0,497.0
1,335.0,720.0
1,336.0,363.0
1,336.5,522.5
1,337.0,132.0
1,337.0,464.5
1,337.5,622.5
1,338.0,571.0
1,338.5,463.5
1,340.0,36.0
1,340.0,72.0
1,341.0,96.0
1,341.0,480.0
1,341.5,165.5
1,341.5,504.0
1,341.5,638.5
1,342.0,448.0
1,343.5,795.5
1,344.0,777.0
1,345.0,606.0
1,346.0,312.0
1,346.0,745.5
1,346.5,75.5
1,346.5,340.5
1,346.5,347.5
1,346.5,514.5
1,346.5,732.0
1,347.0,607.5
1,347.0,765.0
1,348.0,210.0
1,349.0,125.0
1,349.0,380.0
1,350.0,272.0
1,350.0,692.0
1,350.0,792.0
1,350.5,231.5
1,351.0,244.5
1,351.0,496.0
1,352.0,59.0
1,352.0,108.0
1,352.0,191.0
1,352.0,483.0
1,353.0,570.0
1,353.5,769.0
1,354.0,656.0
1,355.5,364.5
1,355.5,637.5
1,356.0,83.5
1,356.0,708.0
1,358.0,468.0
1,358.5,357.5
1,358.5,589.5
1,359.5,505.5
1,360.0,275.0
1,360.0,319.0
1,360.0,516.5
1,361.0,333.0
1,361.0,756.0
1,362.0,665.0
1,363.0,113.0
1,364.5,298.5
1,365.0,432.0
1,365.0,514.0
1,365.0,608.0
1,365.0,623.0
1,366.0,350.0
1,366.0,793.0
1,367.0,466.0
1,367.5,718.5
1,368.0,1.0
1,368.0,217.0
1,368.5,125.5
1,369.0,211.0
1,369.0,418.0
1,369.0,435.5
1,369.0,491.0
1,369.0,647.0
1,370.0,796.0
1,370.5,258.0
1,371.0,777.0
1,371.5,40.0
1,371.5,88.5
1,371.5,295.5
1,371.5,366.5
1,372.0,229.0
1,372.0,631.0
1,372.5,529.5
1,373.0,72.0
1,373.0,389.0
1,373.5,736.5
1,374.0,414.0
1,374.0,595.0
1,374.0,613.0
1,375.0,537.0
1,375.5,471.5
1,376.0,562.0
1,376.5,794.5
1,377.5,690.5
1,378.0,262.0
1,378.0,402.0
1,378.0,508.0
1,378.5,83.5
1,379.0,153.0
1,379.0,359.0
1,379.5,275.5
1,381.0,226.0
1,381.0,783.0
1,381.5,60.5
1,382.0,345.5
1,382.0,461.0
1,382.0,538.0
1,382.0,604.0
1,382.0,770.0
1,383.0,27.0
1,383.0,208.0
1,383.0,307.0
1,383.0,456.0
1,384.0,326.0
1,384.0,373.0
1,384.0,652.0
1,384.5,51.5
1,386.0,137.0
1,386.0,629.0
1,386.5,376.0
1,387.0,84.0
1,387.0,167.0
1,387.0,337.0
1,387.0,582.0
1,388.0,120.0
1,389.5,436.5
1,390.0,442.0
1,390.0,557.0
1,390.5,10.0
1,391.0,6.5
1,391.0,703.0
1,391.0,737.0
1,392.0,281.0
1,392.0,528.0
1,392.5,496.5
1,392.5,551.5
1,393.0,691.0
1,394.0,634.0
1,395.0,381.0
1,397.0,509.0
1,397.0,734.0
1,397.0,795.0
1,397.5,82.5
1,398.5,615.5
1,399.0,45.0
1,399.0,147.0
1,399.0,468.0
1,400.0,482.0
1,400.0,514.0
1,400.0,525.0
1,400.0,651.0
1,400.0,666.0
1,400.5,613.5
1,403.0,26.0
1,403.0,352.0
1,403.0,387.0
1,404.0,139.0
1,405.0,785.0
1,406.0,457.0
1,406.0,691.0
1,406.5,529.5
1,407.0,361.0
1,407.5,259.5
1,408.0,545.0
1,408.0,644.0
1,408.5,117.5
1,408.5,762.5
1,410.0,247.5
1,410.0,682.0
1,410.5,57.5
1,411.0,337.0
1,411.0,345.0
1,411.0,553.0
1,411.0,606.0
1,411.5,273.0
1,411.5,755.5
1,412.0,103.0
1,412.0,364.0
1,412.5,777.5
1,412.5,780.5
1,413.0,172.0
1,413.0,635.0
1,413.5,473.5
1,413.5,507.5
1,414.0,33.0
1,414.0,200.0
1,414.0,703.0
1,414.5,292.0
1,415.0,62.0
1,415.0,265.0
1,415.0,665.0
1,415.5,578.5
1,416.0,497.0
1,416.0,736.0
1,417.5,573.5
1,417.5,677.5
1,418.0,40.0
1,418.5,427.5
1,419.0,49.0
1,419.0,150.0
1,419.5,120.5
1,419.5,648.5
1,421.0,592.0
1,422.0,136.0
1,422.5,554.5
1,423.0,608.0
1,423.5,351.5
1,424.0,25.0
1,424.0,645.0
1,425.0,160.0
1,425.0,266.0
1,425.0,560.0
1,426.0,237.0
1,426.0,753.5
1,426.5,167.5
1,426.5,761.5
1,427.0,633.0
1,428.0,434.0
1,428.5,38.5
1,429.0,352.0
1,429.0,723.0
1,431.0,619.0
1,432.0,35.0
1,432.0,531.0
1,432.5,483.0
1,434.0,25.0
1,434.0,87.0
1,434.5,53.5
1,434.5,73.5
1,435.0,365.0
1,435.0,569.0
1,436.0,265.5
1,436.0,516.0
1,436.0,588.0
1,438.0,134.0
1,438.0,739.0
1,439.0,339.0
1,439.0,527.0
1,439.0,760.0
1,439.0,777.0
1,440.5,713.0
1,441.0,310.0
1,441.5,273.5
1,442.5,719.5
1,442.5,756.5
1,444.0,209.0
1,445.0,20.0
1,445.0,222.0
1,445.5,631.5
1,446.0,131.0
1,446.0,161.0
1,446.0,245.0
1,446.0,725.0
1,446.5,14.5
1,446.5,297.5
1,447.0,653.0
1,448.0,326.0
1,449.0,44.0
1,449.0,791.0
1,449.5,570.0
1,450.0,138.0
1,450.0,299.5
1,451.0,463.5
1,451.0,546.5
1,452.0,526.0
1,453.0,285.0
1,453.0,699.0
1,453.0,741.0
1,454.0,267.0
1,454.0,482.0
1,455.0,5.0
1,455.0,106.0
1,455.0,424.0
1,455.5,641.5
1,456.0,709.0
1,456.5,228.5
1,459.0,516.0
1,459.0,731.0
1,459.5,151.5
1,460.0,332.0
1,461.0,474.0
1,461.0,514.0
1,461.5,796.5
1,462.5,761.5
1,463.0,194.0
1,463.0,325.0
1,463.0,689.0
1,463.5,177.0
1,463.5,499.5
1,464.0,222.0
1,464.5,120.5
1,465.0,395.0
1,465.0,470.0
1,465.0,716.0
1,465.5,334.5
1,466.5,649.0
1,468.0,85.0
1,469.0,357.0
1,469.0,371.0
1,469.5,509.5
1,471.0,214.0
1,471.0,679.0
1,471.5,53.5
1,473.0,88.0
1,473.0,576.0
1,473.0,722.0
1,473.5,474.5
1,474.0,527.5
1,474.5,5.5
1,475.5,614.5
1,476.0,132.0
1,477.5,432.0
1,478.0,742.5
1,479.0,10.5
1,479.5,424.5
1,480.0,117.0
1,480.0,704.0
1,480.0,793.5
1,481.0,25.0
1,481.0,592.0
1,482.0,250.0
1,482.0,777.5
1,485.0,614.0
1,487.0,87.0
1,487.0,370.0
1,487.0,503.0
1,487.0,549.0
1,487.0,658.0
1,489.0,716.0
1,489.5,142.5
1,490.0,113.0
1,491.0,29.0
1,491.0,77.0
1,491.0,359.0
1,491.0,567.0
1,491.0,616.0
1,492.0,365.0
1,492.5,51.5
1,493.0,103.0
1,493.0,172.0
1,493.5,386.5
1,494.0,481.0
1,494.0,601.0
1,494.5,662.0
1,495.0,793.0
1,497.5,468.5
1,497.5,652.5
1,498.0,633.0
1,498.0,732.0
1,499.0,6.0
1,500.0,583.0
1,500.5,406.5
1,501.0,522.0
1,501.5,258.5
1,501.5,597.0
1,502.0,237.0
1,502.0,420.0
1,502.5,382.5
1,502.5,516.5
1,502.5,773.5
1,503.0,212.0
1,503.0,505.5
1,504.0,666.0
1,505.0,14.0
1,505.0,318.0
1,505.5,208.5
1,507.0,53.0
1,508.0,302.0
1,508.0,313.0
1,508.0,592.0
1,508.0,745.0
1,509.0,638.0
1,509.0,678.0
1,510.0,198.0
1,511.0,734.0
1,511.5,661.5
1,512.0,281.0
1,512.0,569.0
1,512.5,382.0
1,513.0,147.0
1,513.0,445.0
1,513.0,784.0
1,513.5,654.0
1,514.0,165.0
1,514.0,419.0
1,514.0,618.0
1,514.5,314.5
1,514.5,351.5
1,515.0,580.0
1,515.5,781.5
1,516.0,25.0
1,516.0,468.0
1,517.0,559.0
1,517.5,758.5
1,518.5,599.5
1,519.0,766.0
1,521.0,257.0
1,521.0,577.0
1,521.5,334.5
1,522.0,208.0
1,522.5,110.0
1,523.5,91.5
1,524.0,39.0
1,524.0,482.0
1,525.0,615.0
1,527.0,173.0
1,527.0,297.0
1,527.5,749.5
1,528.0,139.0
1,528.5,64.0
1,529.0,61.0
1,529.0,587.0
1,529.5,791.5
1,530.0,497.0
1,530.0,788.0
1,531.0,86.0
1,531.0,589.5
1,532.0,326.0
1,533.0,690.0
1,533.5,377.5
1,533.5,603.5
1,534.0,152.0
1,534.0,217.0
1,534.0,304.0
1,534.0,674.0
1,534.0,715.0
1,534.5,134.5
1,534.5,763.5
1,535.0,227.0
1,535.0,238.0
1,535.0,560.0
1,535.5,315.5
1,536.5,350.5
1,538.0,182.0
1,539.0,152.0
1,539.0,697.0
1,540.0,478.0
1,540.5,792.0
1,541.0,275.0
1,541.0,297.0
1,541.0,328.5
1,541.0,337.0
1,541.0,653.0
1,541.5,409.5
1,542.0,122.0
1,542.0,367.0
1,543.0,40.0
1,544.0,486.0
1,544.5,416.5
1,545.0,202.0
1,545.0,296.0
1,545.0,660.0
1,545.5,101.0
1,546.0,208.0
1,548.0,87.0
1,548.0,742.0
1,548.5,427.5
1,549.0,386.0
1,549.0,506.0
1,550.0,165.0
1,551.0,57.0
1,551.0,628.0
1,553.0,547.0
1,553.0,688.0
1,555.0,180.0
1,556.0,35.0
1,556.0,448.0
1,557.0,82.0
1,557.0,590.0
1,557.0,653.0
1,557.5,585.5
1,557.5,634.5
1,557.5,690.5
1,558.0,51.5
1,558.0,748.0
1,558.5,754.5
1,560.0,107.0
1,560.0,534.0
1,560.0,603.0
1,560.5,462.5
1,561.0,284.0
1,561.0,368.0
1,561.0,502.0
1,561.0,611.0
1,563.0,664.0
1,563.5,428.5
1,563.5,553.5
1,564.5,525.5
1,566.0,294.0
1,566.0,377.0
1,566.5,503.5
1,567.0,287.0
1,568.0,555.0
1,570.0,82.0
1,570.0,198.0
1,570.5,327.0
1,572.0,793.0
1,573.0,210.5
1,573.0,692.0
1,574.0,411.0
1,574.5,100.5
1,575.5,217.5
1,575.5,593.5
1,576.0,235.0
1,577.0,169.0
1,577.0,192.0
1,577.0,313.0
1,577.5,477.0
1,578.0,270.0
1,579.0,383.0
1,579.0,525.0
1,579.0,633.0
1,582.0,176.0
1,583.0,138.0
1,583.0,792.0
1,583.5,354.5
1,583.5,401.5
1,583.5,631.5
1,584.0,181.0
1,584.0,240.5
1,584.0,300.0
1,585.0,445.0
1,585.5,93.0
1,586.0,28.0
1,586.0,416.0
1,587.0,640.0
1,588.0,31.0
1,588.0,135.0
1,588.0,667.0
1,588.5,291.0
1,588.5,456.5
1,590.0,682.0
1,590.0,719.0
1,590.0,779.0
1,591.0,511.0
1,592.0,51.0
1,593.0,198.0
1,593.0,554.0
1,595.0,164.0
1,595.5,779.0
1,596.0,307.0
1,597.0,5.0
1,597.0,796.0
1,598.5,564.5
1,598.5,675.5
1,599.0,36.0
1,599.0,187.0
1,599.0,219.0
1,600.0,78.5
1,600.0,209.0
1,600.0,283.0
1,600.0,330.0
1,600.0,762.0
1,600.5,184.0
1,604.0,353.0
1,604.0,534.0
1,605.0,636.0
1,605.5,333.5
1,607.0,248.5
1,607.5,172.5
1,608.0,115.0
1,608.0,162.0
1,608.5,54.5
1,609.0,100.0
1,609.0,236.5
1,609.0,541.0
1,609.5,371.5
1,610.0,18.0
1,610.0,242.0
1,611.0,587.0
1,611.0,629.0
1,612.0,437.0
1,612.0,766.0
1,612.0,779.0
1,612.5,96.5
1,613.0,203.0
1,613.0,348.0
1,613.0,612.0
1,614.5,594.5
1,615.0,29.0
1,616.0,146.0
1,616.0,318.0
1,617.0,55.0
1,617.0,659.5
1,617.5,224.5
1,618.0,283.5
1,618.0,720.0
1,619.0,567.0
1,621.0,0
1,621.0,523.0
1,622.0,28.0
1,622.0,218.0
1,622.5,436.5
1,623.0,9.0
1,624.0,422.0
1,624.5,43.5
1,624.5,117.5
1,625.5,366.5
1,626.0,78.0
1,626.5,281.5
1,626.5,532.5
1,627.0,180.0
1,627.0,620.0
1,628.5,784.5
1,629.0,755.0
1,629.5,239.5
1,630.0,780.0
1,631.0,45.0
1,631.0,92.0
1,631.0,153.0
1,631.5,683.0
1,632.0,694.0
1,633.0,600.0
1,633.5,337.5
1,633.5,414.5
1,634.0,190.0
1,634.0,261.0
1,634.0,580.0
1,635.0,20.0
1,635.0,258.5
1,635.0,330.0
1,635.0,659.0
1,636.0,404.0
1,637.0,393.0
1,638.0,184.5
1,638.0,205.0
1,638.5,214.0
1,638.5,618.5
1,639.0,361.0
1,640.0,438.0
1,640.0,568.0
1,640.0,741.0
1,641.0,161.0
1,641.5,593.0
1,643.0,142.0
1,644.0,757.0
1,644.5,683.5
1,645.0,424.0
1,646.0,85.0
1,646.0,290.0
1,648.0,23.0
1,648.0,668.0
1,648.0,767.0
1,649.0,483.5
1,650.0,15.0
1,650.0,142.5
1,650.0,302.0
1,650.5,651.5
1,651.0,775.0
1,653.0,750.0
1,655.0,544.5
1,655.0,712.0
1,657.0,408.0
1,657.0,602.0
1,657.0,764.5
1,658.0,335.0
1,658.0,745.5
1,658.5,160.5
1,658.5,489.5
1,659.5,781.5
1,660.0,13.0
1,661.0,515.0
1,661.0,691.0
1,662.0,46.0
1,662.0,683.0
1,663.0,703.0
1,664.0,258.0
1,664.0,626.5
1,664.5,438.5
1,665.0,450.0
1,665.0,525.0
1,665.5,170.5
1,665.5,664.5
1,666.0,113.0
1,667.0,129.0
1,667.5,294.5
1,668.0,309.0
1,668.5,575.5
1,670.0,358.0
1,671.0,59.0
1,671.0,675.0
1,671.0,688.0
1,673.0,267.0
1,675.0,201.0
1,676.0,212.0
1,676.0,493.0
1,676.0,564.5
1,676.5,107.5
1,677.0,248.0
1,677.0,488.0
1,677.5,381.5
1,678.0,509.0
1,678.5,95.5
1,678.5,232.5
1,679.5,417.0
1,679.5,526.5
1,680.0,436.5
1,680.0,578.0
1,681.0,203.0
1,681.0,627.0
1,681.5,598.0
1,682.0,289.0
1,683.0,370.0
1,684.0,469.0
1,684.0,516.0
1,684.0,742.0
1,686.0,496.0
1,687.0,111.0
1,687.0,720.0
1,688.0,322.0
1,689.0,143.0
1,689.0,630.0
1,690.0,64.0
1,692.0,47.5
1,692.0,140.5
1,692.0,598.0
1,692.0,669.0
1,692.0,689.0
1,693.0,439.0
1,694.0,94.0
1,694.0,452.0
1,695.0,536.0
1,695.5,305.5
1,696.0,97.0
1,696.0,392.0
1,697.5,14.0
1,698.0,225.0
1,698.5,517.0
1,699.0,723.5
1,700.0,158.0
1,700.0,387.0
1,700.0,676.0
1,701.0,182.0
1,701.0,228.0
1,701.0,727.0
1,702.0,29.0
1,702.5,273.5
1,703.0,602.0
1,704.5,524.5
1,705.0,207.0
1,705.0,613.0
1,705.5,699.5
1,707.0,185.0
1,708.0,677.0
1,709.0,471.0
1,709.5,223.5
1,710.0,299.0
1,710.0,624.0
1,711.0,434.0
1,711.0,791.0
1,712.0,742.5
1,713.0,328.0
1,713.0,333.5
1,713.5,238.5
1,714.0,125.5
1,715.0,366.0
1,715.0,490.0
1,715.0,689.0
1,716.0,773.0
1,717.0,0
1,717.0,11.0
1,717.0,76.0
1,717.0,176.0
1,718.0,499.5
1,719.0,789.0
1,719.5,313.5
1,720.0,163.0
1,721.0,670.0
1,721.0,705.0
1,722.0,107.5
1,722.0,619.0
1,722.5,224.5
1,723.0,27.0
1,723.0,456.0
1,723.5,561.5
1,723.5,688.5
1,724.5,17.0
1,726.0,382.0
1,727.5,436.0
1,727.5,587.5
1,728.0,427.0
1,728.0,612.0
1,728.0,635.0
1,729.0,765.5
1,729.5,58.5
1,729.5,267.5
1,731.0,297.0
1,731.0,565.0
1,731.0,625.0
1,734.0,316.0
1,735.5,545.5
1,736.5,292.5
1,736.5,319.0
1,737.0,331.0
1,737.0,716.0
1,737.5,280.5
1,738.0,461.0
1,738.5,261.5
1,739.0,704.0
1,739.0,727.0
1,739.5,125.5
1,741.0,40.0
1,741.0,186.5
1,741.0,389.0
1,741.5,93.5
1,741.5,527.5
1,742.0,22.0
1,742.0,515.0
1,742.0,577.0
1,743.0,786.0
1,745.0,393.5
1,745.0,409.0
1,745.0,640.0
1,746.0,611.0
1,746.0,776.0
1,748.5,340.5
1,748.5,470.0
1,748.5,628.5
1,749.0,332.5
1,749.0,364.0
1,749.0,554.0
1,749.5,185.5
1,750.0,744.5
1,750.5,617.5
1,751.0,115.0
1,751.0,197.0
1,751.0,379.0
1,751.0,425.0
1,751.0,513.0
1,751.0,600.0
1,751.0,725.5
1,751.0,772.5
1,752.0,684.0
1,752.0,799.0
1,753.0,132.0
1,754.0,256.0
1,754.0,566.0
1,754.0,672.0
1,755.0,207.0
1,755.0,707.0
1,755.5,726.5
1,757.0,36.0
1,757.0,608.0
1,758.0,381.0
1,758.5,123.5
1,759.0,172.0
1,759.5,791.5
1,760.0,401.0
1,761.0,689.0
1,762.0,64.0
1,762.0,447.0
1,762.5,192.5
1,763.5,378.0
1,764.0,349.0
1,764.0,436.0
1,765.0,534.0
1,765.5,182.0
1,766.0,52.5
1,766.0,757.0
1,766.5,461.0
1,767.0,631.0
1,768.0,7.0
1,769.0,357.5
1,769.0,452.0
1,769.0,733.0
1,770.0,38.0
1,770.0,93.0
1,770.0,352.0
1,771.0,576.0
1,775.0,597.0
1,775.0,676.0
1,775.5,310.5
1,776.0,381.5
1,776.0,483.0
1,778.0,276.0
1,778.0,337.0
1,778.0,696.5
1,779.0,145.0
1,780.0,246.0
1,780.0,311.5
1,780.5,584.5
1,781.0,261.0
1,783.5,176.5
1,784.0,166.0
1,785.0,606.0
1,785.0,752.0
1,785.5,115.5
1,786.5,184.0
1,787.0,436.0
1,788.0,37.0
1,788.0,204.0
1,788.5,310.5
1,788.5,692.5
1,789.0,618.0
1,790.0,352.5
1,791.0,471.0
1,792.5,726.5
1,793.0,203.0
1,793.5,12.5
1,793.5,346.5
1,794.0,24.5
1,794.0,569.0
1,796.0,335.0
1,796.0,742.0
1,797.0,560.0
1,798.0,148.0
1,798.0,241.0
1,798.0,484.0
1,799.0,44.0
1,799.0,97.5
1,799.0,142.0
1,799.0,159.0
1,799.0,180.0
1,799.0,191.5
1,799.0,218.0
1,799.0,229.0
1,799.0,263.0
1,799.0,392.5
1,799.0,400.0
1,799.0,604.0
1,799.0,656.0
2,0,16.0
2,0,528.5
2,0,743.5
2,3.0,475.5
2,3.0,610.0
2,6.0,495.0
2,6.5,575.0
2,6.5,635.5
2,7.0,118.5
2,8.0,101.0
2,10.0,181.5
2,14.5,245.5
2,15.5,237.0
2,16.5,395.5
2,19.0,522.5
2,20.0,159.0
2,23.0,95.5
2,24.0,488.0
2,25.0,541.0
2,27.0,216.0
2,27.5,327.5
2,28.0,291.5
2,28.0,688.0
2,29.5,40.5
2,36.0,338.0
2,36.5,98.5
2,36.5,203.5
2,36.5,373.5
2,38.5,396.5
2,38.5,586.5
2,39.5,410.5
2,39.5,508.5
2,40.5,230.5
2,45.5,747.5
2,47.0,166.5
2,47.0,251.0
2,49.5,111.5
2,52.5,502.5
2,54.0,582.0
2,55.5,647.5
2,56.0,163.0
2,56.5,103.5
2,57.0,537.0
2,61.5,712.5
2,64.0,303.5
2,67.5,256.5
2,67.5,345.5
2,70.5,610.5
2,70.5,668.5
2,71.5,14.5
2,71.5,454.5
2,73.5,786.5
2,75.5,544.5
2,76.5,57.5
2,76.5,584.5
2,76.5,637.0
2,77.5,3.5
2,77.5,126.5
2,79.5,651.5
2,80.0,715.0
2,83.5,558.5
2,83.5,737.5
2,86.5,450.5
2,86.5,606.5
2,87.0,64.0
2,89.0,789.0
2,94.5,253.5
2,96.0,279.0
2,97.5,16.5
2,99.5,51.5
2,100.5,488.5
2,102.0,740.0
2,103.5,407.5
2,107.5,455.5
2,110.5,578.5
2,112.5,270.5
2,112.5,702.0
2,113.5,106.5
2,114.0,340.0
2,114.5,320.5
2,116.5,679.5
2,120.5,628.5
2,121.0,447.0
2,123.0,570.5
2,124.5,359.5
2,125.5,594.5
2,126.0,260.0
2,127.5,469.5
2,132.5,207.5
2,133.5,606.5
2,133.5,635.5
2,134.5,420.5
2,136.0,435.5
2,138.5,341.5
2,138.5,763.5
2,139.5,318.5
2,139.5,738.5
2,144.5,52.5
2,145.5,639.5
2,147.0,248.0
2,149.5,135.5
2,150.5,486.5
2,153.0,295.0
2,153.5,344.5
2,153.5,770.5
2,155.5,523.5
2,157.5,23.5
2,157.5,424.5
2,157.5,620.5
2,158.5,6.5
2,158.5,501.5
2,160.5,174.5
2,163.0,408.0
2,164.5,189.5
2,166.5,642.5
2,166.5,729.5
2,167.5,564.5
2,167.5,792.5
2,170.5,331.5
2,171.5,222.5
2,171.5,506.5
2,173.5,207.5
2,175.0,678.0
2,176.5,463.5
2,178.5,247.5
2,178.5,293.5
2,179.5,535.5
2,181.5,278.5
2,183.5,429.5
2,184.5,562.5
2,185.0,71.0
2,186.0,761.5
2,187.0,488.0
2,187.5,447.5
2,189.0,199.0
2,192.0,342.0
2,192.5,745.5
2,193.5,598.5
2,197.5,120.5
2,201.0,223.0
2,205.0,37.5
2,205.0,497.0
2,205.5,46.5
2,205.5,776.0
2,206.0,100.0
2,207.5,699.5
2,208.5,267.5
2,208.5,385.5
2,209.5,81.5
2,212.5,324.5
2,214.5,344.5
2,214.5,564.5
2,215.5,365.5
2,216.0,527.5
2,217.0,539.0
2,222.5,80.5
2,222.5,107.5
2,222.5,188.5
2,225.5,410.5
2,228.5,554.5
2,229.0,679.0
2,230.5,170.5
2,230.5,791.5
2,231.5,509.5
2,232.5,139.5
2,232.5,370.5
2,233.0,422.0
2,238.0,725.5
2,239.0,239.0
2,239.5,498.5
2,243.5,390.5
2,244.0,181.0
2,244.5,64.5
2,244.5,590.5
2,250.5,214.0
2,251.0,776.0
2,253.0,617.0
2,254.5,650.5
2,257.0,174.0
2,257.5,96.5
2,258.0,434.0
2,260.5,334.5
2,261.5,240.5
2,263.5,21.5
2,264.0,751.5
2,267.5,196.5
2,267.5,292.0
2,267.5,384.5
2,270.0,166.0
2,270.0,457.0
2,271.5,494.5
2,274.0,369.0
2,274.5,318.5
2,276.0,32.5
2,277.5,42.0
2,282.5,243.5
2,283.5,597.0
2,284.5,700.5
2,285.0,544.5
2,286.5,724.0
2,288.5,745.5
2,290.5,317.5
2,290.5,431.5
2,291.5,771.5
2,296.5,496.5
2,296.5,625.5
2,301.0,32.5
2,301.5,443.5
2,302.5,196.5
2,302.5,402.5
2,305.5,674.5
2,306.5,234.5
2,307.0,375.5
2,310.0,774.0
2,312.0,397.0
2,312.5,569.5
2,315.5,14.0
2,316.5,65.0
2,319.0,227.0
2,319.5,422.5
2,321.5,291.5
2,321.5,450.0
2,324.5,253.5
2,325.0,691.0
2,325.5,28.5
2,327.5,56.5
2,327.5,400.5
2,328.5,613.5
2,329.5,590.5
2,331.0,86.0
2,332.5,11.5
2,332.5,383.5
2,333.0,741.0
2,334.0,782.0
2,334.5,432.5
2,335.5,152.5
2,337.5,232.5
2,345.5,287.5
2,347.0,584.0
2,347.5,420.5
2,349.5,533.5
2,350.5,19.5
2,355.0,402.5
2,356.0,260.5
2,356.5,182.5
2,357.0,455.0
2,358.5,549.5
2,359.5,687.5
2,363.5,193.5
2,364.0,48.0
2,365.5,138.5
2,365.5,280.5
2,368.0,754.5
2,374.5,333.5
2,375.5,714.5
2,376.5,11.0
2,377.0,100.0
2,386.5,237.5
2,387.5,668.5
2,389.5,191.5
2,393.5,312.5
2,393.5,568.5
2,393.5,760.5
2,395.5,292.5
2,396.0,722.0
2,396.5,267.5
2,397.5,97.5
2,398.5,129.5
2,399.0,205.0
2,400.5,595.5
2,402.0,413.5
2,408.0,440.5
2,411.5,490.5
2,412.5,718.5
2,413.5,225.5
2,413.5,307.5
2,413.5,399.5
2,415.0,0
2,418.5,459.5
2,423.5,325.5
2,424.5,793.5
2,425.0,414.0
2,425.5,213.5
2,426.5,380.5
2,426.5,692.5
2,429.5,289.5
2,430.5,66.5
2,430.5,495.5
2,431.5,150.5
2,438.0,190.0
2,439.5,393.5
2,439.5,666.5
2,442.5,103.5
2,445.5,591.5
2,446.0,442.0
2,449.5,604.5
2,450.5,354.5
2,452.5,168.5
2,455.5,259.5
2,458.0,376.0
2,458.5,37.5
2,459.5,626.5
2,460.0,406.0
2,462.5,773.5
2,463.5,745.5
2,464.0,270.0
2,464.5,536.5
2,464.5,663.5
2,465.5,288.0
2,467.0,234.5
2,467.5,426.5
2,471.5,551.5
2,475.0,71.5
2,475.0,197.0
2,478.5,459.5
2,479.5,324.5
2,480.0,43.0
2,480.0,300.0
2,480.5,642.5
2,481.5,567.5
2,481.5,766.5
2,482.0,157.5
2,482.5,399.5
2,486.0,197.5
2,488.5,536.5
2,489.5,690.5
2,491.0,444.5
2,491.5,756.5
2,494.5,226.5
2,494.5,344.5
2,495.0,710.0
2,496.5,768.5
2,499.5,93.5
2,503.0,138.0
2,510.5,534.5
2,511.0,75.0
2,511.0,498.5
2,511.5,244.5
2,515.0,719.0
2,516.0,513.0
2,516.5,432.5
2,520.0,275.0
2,521.0,449.5
2,523.5,13.5
2,526.5,396.5
2,526.5,543.5
2,526.5,634.5
2,529.0,102.0
2,529.5,187.5
2,538.5,443.5
2,539.5,257.5
2,541.5,771.5
2,542.5,13.5
2,545.0,464.0
2,546.5,230.5
2,546.5,723.5
2,549.5,134.5
2,549.5,336.0
2,550.0,522.0
2,551.5,392.5
2,553.0,10.0
2,554.0,23.0
2,555.0,213.0
2,555.5,355.5
2,555.5,778.5
2,556.5,246.0
2,556.5,309.5
2,560.0,727.0
2,561.5,66.5
2,563.5,134.5
2,566.5,580.5
2,572.0,357.0
2,576.5,485.5
2,577.5,249.5
2,577.5,656.5
2,579.5,6.5
2,579.5,705.5
2,580.5,74.5
2,580.5,156.5
2,580.5,320.5
2,582.5,736.5
2,583.0,570.5
2,585.5,343.5
2,585.5,606.5
2,585.5,751.5
2,586.5,112.5
2,591.0,59.0
2,591.0,388.0
2,591.0,630.5
2,592.5,473.5
2,594.5,252.5
2,598.0,604.5
2,599.0,371.0
2,600.5,510.5
2,601.5,387.5
2,601.5,712.5
2,602.0,424.0
2,603.5,663.5
2,605.0,407.5
2,606.5,267.5
2,606.5,561.5
2,606.5,686.5
2,607.0,303.0
2,608.0,740.0
2,615.5,127.5
2,615.5,468.5
2,619.5,77.5
2,619.5,380.5
2,621.0,648.0
2,622.0,488.0
2,623.0,701.0
2,626.5,738.5
2,628.5,719.5
2,631.0,549.0
2,632.5,309.5
2,634.0,119.0
2,634.0,449.0
2,635.5,104.5
2,637.5,529.5
2,640.5,506.5
2,641.0,321.0
2,647.5,58.5
2,648.5,237.5
2,648.5,276.5
2,648.5,352.5
2,648.5,384.5
2,651.5,550.5
2,651.5,635.0
2,652.5,573.5
2,653.0,217.0
2,653.0,788.5
2,653.5,444.5
2,654.0,428.0
2,656.0,152.0
2,656.5,77.5
2,660.5,469.5
2,661.5,373.5
2,662.5,180.5
2,662.5,791.5
2,663.5,61.0
2,663.5,284.5
2,664.5,726.5
2,668.5,226.5
2,669.5,590.5
2,670.0,339.0
2,671.5,754.5
2,679.5,616.5
2,680.5,44.5
2,681.5,161.5
2,681.5,401.5
2,683.5,21.5
2,683.5,644.5
2,683.5,772.5
2,684.5,7.5
2,684.5,305.5
2,684.5,753.5
2,688.5,785.5
2,689.0,541.5
2,689.0,703.0
2,690.5,250.5
2,690.5,270.5
2,695.0,76.0
2,699.5,367.5
2,700.0,410.0
2,703.0,584.0
2,703.5,641.5
2,704.0,480.0
2,704.0,564.0
2,704.5,463.0
2,705.5,312.5
2,706.5,133.0
2,708.5,165.5
2,708.5,510.5
2,709.5,343.5
2,710.0,287.0
2,711.5,411.5
2,712.0,44.0
2,712.5,754.5
2,713.5,551.5
2,715.5,60.5
2,718.5,197.5
2,718.5,526.0
2,719.5,599.0
2,721.0,277.0
2,722.5,365.5
2,724.0,748.0
2,728.0,476.0
2,728.0,655.0
2,728.5,794.5
2,729.5,217.5
2,732.5,71.5
2,737.5,362.5
2,738.0,349.0
2,738.5,170.5
2,740.0,3.0
2,740.5,68.5
2,741.5,228.5
2,743.0,441.5
2,744.5,656.5
2,745.0,277.0
2,752.0,496.0
2,752.5,83.5
2,752.5,584.5
2,753.5,292.5
2,754.5,300.5
2,759.5,326.5
2,762.0,498.0
2,764.0,147.5
2,767.5,208.5
2,768.5,707.5
2,769.5,553.5
2,769.5,779.5
2,770.5,410.0
2,771.5,112.5
2,772.0,651.5
2,774.5,227.5
2,776.0,400.5
2,777.0,29.0
2,777.0,620.0
2,777.5,518.5
2,779.0,12.5
2,779.0,732.0
2,779.0,764.0
2,780.5,792.0
2,783.5,632.5
2,784.0,126.0
2,784.5,465.5
2,784.5,509.5
2,787.5,77.5
2,787.5,290.5
2,790.5,545.5
2,791.0,429.0
